4.189429879188537598e-01 3.001129925251007080e-01
-5.877119898796081543e-01 -4.046049900352954865e-03
1.267369985580444336e+00 1.647140026092529297e+00
-6.058059930801391602e-01 -1.869840025901794434e-01
1.480250000953674316e+00 -9.135629981756210327e-02
1.161159992218017578e+00 1.468989968299865723e+00
-3.449270129203796387e-01 4.013290107250213623e-01
-5.659790039062500000e-01 -1.450770050287246704e-01
1.825289964675903320e+00 -1.919280052185058594e+00
7.656019926071166992e-01 7.851470112800598145e-01
4.817560017108917236e-01 1.317540049552917480e+00
-5.367789864540100098e-01 -4.273029975593090057e-03
2.228360027074813843e-01 -1.177010059356689453e+00
1.933680027723312378e-01 -8.340929746627807617e-01
1.661479949951171875e+00 -9.725719690322875977e-02
3.873519897460937500e-01 3.406890034675598145e-01
4.609450101852416992e-01 1.850890040397644043e+00
-6.752870082855224609e-01 -4.838809967041015625e-01
5.049970149993896484e-01 -5.169289708137512207e-01
9.163780212402343750e-01 -8.458390235900878906e-01
2.273610115051269531e+00 -1.844879984855651855e+00
-5.112569779157638550e-03 5.678539872169494629e-01
-1.048899963498115540e-01 1.721660017967224121e+00
-5.699639916419982910e-01 1.724070012569427490e-01
-3.192290067672729492e-01 -4.280419945716857910e-01
4.256300032138824463e-01 -5.091900229454040527e-01
1.056059956550598145e+00 1.011839985847473145e+00
2.267250061035156250e+00 -2.552289962768554688e-01
5.613589882850646973e-01 1.278730034828186035e+00
-1.558759957551956177e-01 5.626389980316162109e-01
-5.404369831085205078e-01 4.801680147647857666e-01
-8.499709963798522949e-01 -7.773829996585845947e-02
-3.386319875717163086e-01 -4.612979888916015625e-01
3.584699928760528564e-01 -8.771830201148986816e-01
1.510879993438720703e+00 1.033650040626525879e+00
2.500550031661987305e+00 -2.793779969215393066e-01
5.494930148124694824e-01 4.344869852066040039e-01
-2.415959984064102173e-01 4.698880016803741455e-01
-4.876300096511840820e-01 4.385269880294799805e-01
-4.121309891343116760e-02 -6.538460254669189453e-01
-3.243240118026733398e-01 -1.034540057182312012e+00
5.950459837913513184e-01 -6.860309839248657227e-01
9.244409799575805664e-01 -2.114900052547454834e-01
1.071810007095336914e+00 -8.367069959640502930e-01
2.063829898834228516e+00 2.435149997472763062e-01
2.344680070877075195e+00 -4.734039902687072754e-01
1.326110064983367920e-01 6.911360025405883789e-01
2.642399966716766357e-01 1.186939954757690430e+00
-5.042859911918640137e-01 -1.961009949445724487e-01
1.966219991445541382e-01 -1.478889942169189453e+00
-3.055410087108612061e-01 -5.828729867935180664e-01
6.362000107765197754e-01 -3.217029869556427002e-01
9.048560261726379395e-01 -4.625340104103088379e-01
1.724619984626770020e+00 4.030179977416992188e-01
3.403789997100830078e+00 2.697709947824478149e-02
2.860579967498779297e+00 -7.730119824409484863e-01
1.630540013313293457e+00 -4.103170037269592285e-01
-3.468889892101287842e-01 4.685780107975006104e-01
-5.007809996604919434e-01 1.201900020241737366e-01
-9.282960295677185059e-01 -1.525930047035217285e+00
6.317849755287170410e-01 -1.082049965858459473e+00
8.425080180168151855e-01 -3.274559974670410156e-01
1.483719944953918457e+00 1.500499963760375977e+00
2.520270109176635742e+00 2.541100084781646729e-01
4.056250095367431641e+00 -1.181529998779296875e+00
3.455009937286376953e+00 -1.676890015602111816e+00
1.135589957237243652e+00 -4.323239922523498535e-01
5.471929907798767090e-01 7.087560296058654785e-01
-1.260839998722076416e-01 6.610429883003234863e-01
9.668339788913726807e-02 -1.523329973220825195e+00
2.459309995174407959e-01 -4.516780078411102295e-01
5.010790228843688965e-01 -1.054999947547912598e+00
6.559000015258789062e-01 -6.489989757537841797e-01
1.971920013427734375e+00 1.826500058174133301e+00
3.020970106124877930e+00 5.427610278129577637e-01
3.924619913101196289e+00 -6.083199977874755859e-01
2.641789913177490234e+00 5.140339955687522888e-02
6.039170026779174805e-01 6.215429902076721191e-01
7.468780130147933960e-02 9.404810070991516113e-01
-2.351820021867752075e-01 -4.551169872283935547e-01
-3.951050043106079102e-01 -6.326569914817810059e-01
7.771000266075134277e-01 -1.016559958457946777e+00
4.684759974479675293e-01 -3.649080097675323486e-01
1.285269975662231445e+00 7.085260152816772461e-01
2.163749933242797852e+00 4.302859902381896973e-01
3.153439998626708984e+00 4.685570001602172852e-01
4.778960227966308594e+00 -1.917610049247741699e+00
3.166090011596679688e+00 -1.201140046119689941e+00
5.032529830932617188e-01 6.205120086669921875e-01
1.889510005712509155e-01 9.446600079536437988e-01
-8.221139907836914062e-01 -1.921270012855529785e+00
3.274730145931243896e-01 -3.931869864463806152e-01
5.649369955062866211e-01 -3.083859980106353760e-01
1.047080039978027344e+00 9.220380187034606934e-01
2.144360065460205078e+00 6.634579896926879883e-01
4.481150150299072266e+00 1.916010022163391113e+00
5.079470157623291016e+00 -1.420629978179931641e+00
2.890000104904174805e+00 4.462739825248718262e-02
1.691609978675842285e+00 -5.870959758758544922e-01
6.448789834976196289e-01 1.136919975280761719e+00
-7.055310010910034180e-01 -1.616520047187805176e+00
1.356689929962158203e-01 -5.140110254287719727e-01
4.173699915409088135e-01 -5.531640052795410156e-01
6.307960152626037598e-01 2.407239973545074463e-01
1.212409973144531250e+00 8.877649903297424316e-01
3.157540082931518555e+00 1.374079942703247070e+00
4.625249862670898438e+00 1.322710037231445312e+00
4.635119915008544922e+00 -1.671000003814697266e+00
1.291739940643310547e+00 -3.608889877796173096e-01
5.397980213165283203e-01 7.668210268020629883e-01
-2.678759992122650146e-01 -7.832520008087158203e-01
4.748890101909637451e-01 -7.435349822044372559e-01
7.871630191802978516e-01 -6.612740159034729004e-01
8.281430006027221680e-01 9.727440029382705688e-02
2.732880115509033203e+00 1.148040056228637695e+00
4.776569843292236328e+00 1.575880050659179688e+00
4.646329879760742188e+00 -1.972649991512298584e-01
2.593640089035034180e+00 -9.312700033187866211e-01
4.657770097255706787e-01 1.056120038032531738e+00
-6.167989969253540039e-01 -1.718050003051757812e+00
4.813190102577209473e-01 -6.793410181999206543e-01
5.907009840011596680e-01 2.318429946899414062e-01
9.524019956588745117e-01 2.869780063629150391e-01
1.476209998130798340e+00 2.038560062646865845e-01
3.425610065460205078e+00 7.543569803237915039e-01
4.620989799499511719e+00 8.063799738883972168e-01
3.160340070724487305e+00 -1.680979967117309570e+00
7.017059922218322754e-01 8.169779777526855469e-01
-4.725089967250823975e-01 -9.549769759178161621e-01
7.845759987831115723e-01 -1.691779971122741699e+00
7.850210070610046387e-01 1.901910006999969482e-01
1.004390001296997070e+00 3.929759860038757324e-01
2.348200082778930664e+00 7.070969939231872559e-01
4.936639785766601562e+00 -8.468760251998901367e-01
1.299849987030029297e+00 -5.808309912681579590e-01
-9.621729701757431030e-02 9.085800051689147949e-01
7.499250173568725586e-01 -1.278429985046386719e+00
8.912680149078369141e-01 7.827119827270507812e-01
2.311559915542602539e+00 1.381719946861267090e+00
4.502739906311035156e+00 -6.067429780960083008e-01
-2.595310099422931671e-03 1.294360041618347168e+00
1.328040003776550293e+00 -1.002760052680969238e+00
9.973580241203308105e-01 5.775060057640075684e-01
4.935329914093017578e+00 -1.926970034837722778e-01
-4.823989868164062500e-01 -1.679929971694946289e+00
1.613790035247802734e+00 -1.574519991874694824e+00
1.621719956398010254e+00 4.302720129489898682e-01
5.375080108642578125e+00 -1.084750056266784668e+00
3.628849983215332031e-01 5.935850143432617188e-01
8.273289799690246582e-01 -7.297779917716979980e-01
3.802020072937011719e+00 9.802020341157913208e-02
5.671189785003662109e+00 -1.576200008392333984e+00
-1.018560007214546204e-01 1.459579944610595703e+00
6.156259775161743164e-01 1.393059939146041870e-01
4.476779937744140625e+00 1.410439968109130859e+00
5.228010177612304688e+00 -6.780819892883300781e-01
-9.823639690876007080e-02 1.343340039253234863e+00
7.275019884109497070e-01 1.571100018918514252e-02
5.370979785919189453e+00 1.568670034408569336e+00
-4.733060002326965332e-01 9.192219972610473633e-01
1.096650004386901855e+00 5.138670206069946289e-01
5.077690124511718750e+00 5.499089881777763367e-02
-3.780120015144348145e-01 8.884710073471069336e-01
3.155050039291381836e+00 7.630680203437805176e-01
6.282219886779785156e+00 -1.549020051956176758e+00
2.383719980716705322e-01 5.863119959831237793e-01
5.835739970207214355e-01 5.504669994115829468e-02
5.513659954071044922e+00 7.955120205879211426e-01
-4.939039945602416992e-01 1.030910015106201172e+00
3.789849996566772461e+00 5.214070081710815430e-01
-6.602100133895874023e-01 1.843359947204589844e+00
6.281799793243408203e+00 1.537529945373535156e+00
-6.208360195159912109e-01 1.692759990692138672e+00
5.654250144958496094e+00 -9.969329833984375000e-02
-3.955599963665008545e-01 1.106819987297058105e+00
6.191800117492675781e+00 3.478510081768035889e-01
3.740560054779052734e+00 1.838690042495727539e+00
5.931000232696533203e+00 6.750559806823730469e-02
3.739639997482299805e+00 1.677479982376098633e+00
5.801620006561279297e+00 -3.348819911479949951e-01
6.908239841461181641e+00 -1.040379982441663742e-02
-6.978300213813781738e-01 9.789950251579284668e-01
-8.377990126609802246e-01 1.021700024604797363e+00
-8.547430038452148438e-01 1.155150055885314941e+00
-8.812329769134521484e-01 1.386700034141540527e+00
6.097609996795654297e+00 7.586899995803833008e-01
6.608079910278320312e+00 1.327080011367797852e+00
6.924980163574218750e+00 1.289319992065429688e+00
1.518319964408874512e+00 1.923460006713867188e+00
1.266790032386779785e+00 1.523939967155456543e+00
1.836709976196289062e-01 -1.719349980354309082e+00
4.412559866905212402e-01 3.823220133781433105e-01
2.860580086708068848e-01 -1.540770053863525391e+00
4.167450070381164551e-01 3.301489949226379395e-01
-7.285169959068298340e-01 -5.735480189323425293e-01
2.001029968261718750e+00 -1.687190055847167969e+00
-1.100189983844757080e-01 5.198259949684143066e-01
1.060029983520507812e+00 1.633780002593994141e+00
5.678880214691162109e-01 -1.704489946365356445e+00
2.566230058670043945e+00 -1.844460010528564453e+00
-2.655459940433502197e-01 4.412199854850769043e-01
-8.511919975280761719e-01 -1.990759968757629395e-01
4.725649952888488770e-01 -8.806269764900207520e-01
5.408849716186523438e-01 3.951439857482910156e-01
7.973970174789428711e-01 1.332759976387023926e+00
4.889229778200387955e-03 -8.809260129928588867e-01
7.968000173568725586e-01 -2.067430019378662109e-01
1.943920016288757324e+00 4.200559854507446289e-01
-3.573369979858398438e-01 5.141270160675048828e-01
1.258040070533752441e-01 -1.308300018310546875e+00
7.123649716377258301e-01 -8.955609798431396484e-01
2.399169921875000000e+00 3.170160055160522461e-01
1.510640025138854980e+00 -6.450690031051635742e-01
1.692299991846084595e-01 1.274690032005310059e+00
-1.726460009813308716e-01 -1.397629976272583008e+00
9.201369881629943848e-01 -2.933030128479003906e-01
3.297329902648925781e+00 1.921149969100952148e+00
3.750360012054443359e+00 -1.674250006675720215e+00
1.810339987277984619e-01 7.662580013275146484e-01
-7.127609848976135254e-01 4.950320124626159668e-01
3.761830031871795654e-01 -1.095329999923706055e+00
2.721810102462768555e+00 1.610960006713867188e+00
3.632770061492919922e+00 -6.018159985542297363e-01
7.530419826507568359e-01 9.330490231513977051e-01
-2.625539898872375488e-01 -4.590860009193420410e-01
7.101470232009887695e-01 -9.720730185508728027e-01
1.702800035476684570e+00 1.168499946594238281e+00
4.354899883270263672e+00 -8.526210188865661621e-01
2.436870098114013672e+00 -1.614150047302246094e+00
2.498060017824172974e-01 9.747260212898254395e-01
1.205189973115921021e-01 -9.177889823913574219e-01
1.432989954948425293e+00 1.282580018043518066e+00
2.880789995193481445e+00 7.650129795074462891e-01
4.639969825744628906e+00 -1.342219948768615723e+00
2.309930086135864258e+00 -1.388949990272521973e+00
6.630229949951171875e-01 1.425150036811828613e+00
1.427419930696487427e-01 -6.130880117416381836e-01
1.153699994087219238e+00 9.643640369176864624e-02
3.853770017623901367e+00 9.451839923858642578e-01
4.783539772033691406e+00 -1.588039994239807129e+00
3.343920111656188965e-01 8.291940093040466309e-01
4.154910147190093994e-01 -7.751280069351196289e-01
8.327490091323852539e-01 3.534369915723800659e-02
4.484129905700683594e+00 3.747699856758117676e-01
2.884239912033081055e+00 -9.442750364542007446e-02
5.959799885749816895e-01 9.912710189819335938e-01
2.851240038871765137e-01 -6.167749762535095215e-01
9.372299909591674805e-01 7.619869709014892578e-02
4.467390060424804688e+00 8.938069939613342285e-01
4.790480136871337891e+00 -9.306420087814331055e-01
-1.427029967308044434e-01 1.027109980583190918e+00
8.715770244598388672e-01 -1.604990005493164062e+00
9.431579709053039551e-01 4.192529916763305664e-01
5.082210063934326172e+00 -9.265789985656738281e-01
7.185140158981084824e-03 9.633790254592895508e-01
1.003769993782043457e+00 7.029880285263061523e-01
