4.189429879188537598e-01 3.001129925251007080e-01
-3.107199966907501221e-01 4.109660089015960693e-01
6.412519812583923340e-01 -1.924559950828552246e+00
2.943909913301467896e-02 -5.710970163345336914e-01
4.701809883117675781e-01 2.117159962654113770e-01
9.684259891510009766e-01 1.355409979820251465e+00
-5.877119898796081543e-01 -4.046049900352954865e-03
-3.328970074653625488e-01 -3.961009979248046875e-01
3.773210048675537109e-01 -1.381929993629455566e+00
-6.256190245039761066e-04 -5.172119736671447754e-01
5.244569852948188782e-02 -5.144349932670593262e-01
1.149649977684020996e+00 -8.317899703979492188e-02
1.267369985580444336e+00 1.647140026092529297e+00
1.383059978485107422e+00 1.849939942359924316e+00
8.160030245780944824e-01 1.062610030174255371e+00
6.172950267791748047e-01 1.924219965934753418e+00
-3.667330145835876465e-01 4.303419888019561768e-01
-5.179870128631591797e-01 -4.045270010828971863e-02
-6.058059930801391602e-01 -1.869840025901794434e-01
2.980979979038238525e-01 -1.229920029640197754e+00
4.661820083856582642e-02 -1.925850033760070801e+00
4.323259890079498291e-01 -3.823510110378265381e-01
8.576430082321166992e-01 -9.899420291185379028e-02
9.965130090713500977e-01 -1.708119958639144897e-01
1.480250000953674316e+00 -9.135629981756210327e-02
2.119359970092773438e+00 -1.922299981117248535e+00
4.733180105686187744e-01 2.415210008621215820e-01
4.469340145587921143e-01 2.869080007076263428e-01
8.256790041923522949e-01 8.967080116271972656e-01
1.063330054283142090e+00 1.307559967041015625e+00
1.161159992218017578e+00 1.468989968299865723e+00
3.514080047607421875e-01 3.786259889602661133e-01
4.015910029411315918e-01 1.189350008964538574e+00
8.906829953193664551e-01 1.202250003814697266e+00
7.264159917831420898e-01 1.191609978675842285e+00
-6.952549815177917480e-01 5.782160162925720215e-02
-3.449270129203796387e-01 4.013290107250213623e-01
-3.776269853115081787e-01 3.482669889926910400e-01
-4.808929860591888428e-01 -4.423440098762512207e-01
-6.935859918594360352e-01 -3.168930113315582275e-01
-7.345499992370605469e-01 -2.284969985485076904e-01
-6.089149713516235352e-01 -6.082800030708312988e-02
-5.659790039062500000e-01 -1.450770050287246704e-01
-2.978860028088092804e-02 -5.334380269050598145e-01
1.824239939451217651e-01 -1.854660034179687500e+00
2.882950007915496826e-01 -1.659299969673156738e+00
1.224390029907226562e+00 -1.918099999427795410e+00
5.485950112342834473e-01 -4.938020110130310059e-01
1.825289964675903320e+00 -1.919280052185058594e+00
2.118469953536987305e+00 1.918789982795715332e+00
1.306679964065551758e+00 -1.793670058250427246e-01
1.570639967918395996e+00 5.897349864244461060e-02
1.386229991912841797e+00 -2.317160069942474365e-01
1.475149989128112793e+00 -1.896460056304931641e-01
7.656019926071166992e-01 7.851470112800598145e-01
8.961340188980102539e-01 1.020190000534057617e+00
9.760270118713378906e-01 1.157299995422363281e+00
4.086970090866088867e-01 3.944849967956542969e-01
4.726819992065429688e-01 4.019849896430969238e-01
1.945240050554275513e-01 1.081900000572204590e+00
4.817560017108917236e-01 1.317540049552917480e+00
3.186829984188079834e-01 1.314910054206848145e+00
1.059679985046386719e+00 1.524199962615966797e+00
8.449320197105407715e-01 1.505239963531494141e+00
-4.097250103950500488e-01 3.391070067882537842e-01
-5.168690085411071777e-01 2.375780045986175537e-02
-5.367789864540100098e-01 -4.273029975593090057e-03
-5.903400182723999023e-01 -4.879400134086608887e-01
-8.529779911041259766e-01 -5.364410281181335449e-01
-9.298539757728576660e-01 -6.322540044784545898e-01
-6.737629771232604980e-01 -8.918490260839462280e-02
-6.729480028152465820e-01 -1.659609973430633545e-01
2.228360027074813843e-01 -1.177010059356689453e+00
3.776910006999969482e-01 -1.487400054931640625e+00
4.685969948768615723e-01 -1.540529966354370117e+00
1.579380035400390625e-01 -7.470099925994873047e-01
4.685089886188507080e-01 -4.467880129814147949e-01
3.948079943656921387e-01 -4.418630003929138184e-01
1.933680027723312378e-01 -8.340929746627807617e-01
5.972610116004943848e-01 3.504059910774230957e-01
7.765049934387207031e-01 -8.558700084686279297e-01
1.068979978561401367e+00 -3.609890118241310120e-02
9.199349880218505859e-01 -4.937030002474784851e-02
1.851070046424865723e+00 2.356919944286346436e-01
1.661479949951171875e+00 -9.725719690322875977e-02
2.413510084152221680e+00 -1.922580003738403320e+00
1.066560029983520508e+00 -3.006379902362823486e-01
1.069589972496032715e+00 -2.140440046787261963e-01
5.025900006294250488e-01 3.847000002861022949e-01
5.320529937744140625e-01 3.371219933032989502e-01
3.873519897460937500e-01 3.406890034675598145e-01
4.440500140190124512e-01 3.487339913845062256e-01
2.134069986641407013e-02 6.262410283088684082e-01
-9.405890107154846191e-02 5.748159885406494141e-01
-2.534340023994445801e-01 1.929479956626892090e+00
1.746969968080520630e-01 1.856400012969970703e+00
4.609450101852416992e-01 1.850890040397644043e+00
1.235110044479370117e+00 1.926480054855346680e+00
-4.063360095024108887e-01 4.231129884719848633e-01
-4.288110136985778809e-01 3.736470043659210205e-01
-3.984940052032470703e-01 -4.123179912567138672e-01
-5.830010175704956055e-01 -2.432239949703216553e-01
-6.752870082855224609e-01 -4.838809967041015625e-01
-7.333530187606811523e-01 -3.967869877815246582e-01
-1.617060005664825439e-01 -5.350930094718933105e-01
2.297150045633316040e-01 -1.090540051460266113e+00
5.409430265426635742e-01 -1.841079950332641602e+00
3.209930062294006348e-01 -1.928799986839294434e+00
5.049970149993896484e-01 -5.169289708137512207e-01
6.516690254211425781e-01 -7.864660024642944336e-01
2.402829974889755249e-01 -9.390860199928283691e-01
3.027789890766143799e-01 -8.432109951972961426e-01
1.236950039863586426e+00 -7.344130277633666992e-01
8.465870022773742676e-01 -8.926159739494323730e-01
9.163780212402343750e-01 -8.458390235900878906e-01
1.310840010643005371e+00 -8.657020330429077148e-02
1.231279969215393066e+00 5.255680158734321594e-02
2.279989957809448242e+00 -1.298220008611679077e-01
3.003570079803466797e+00 -1.920789957046508789e+00
1.655269980430603027e+00 -2.022459954023361206e-01
2.273610115051269531e+00 -1.844879984855651855e+00
1.874029994010925293e+00 -1.605520009994506836e+00
4.740740060806274414e-01 3.349350094795227051e-01
5.040730237960815430e-01 2.877230048179626465e-01
2.479040063917636871e-02 5.160520076751708984e-01
-2.702940069139003754e-02 5.152930021286010742e-01
-5.112569779157638550e-03 5.678539872169494629e-01
-7.848870009183883667e-02 5.095869898796081543e-01
-1.302479952573776245e-01 4.985840022563934326e-01
-6.710579991340637207e-01 6.342999935150146484e-01
-8.592330217361450195e-01 7.557960152626037598e-01
-1.194999963045120239e-01 5.522239804267883301e-01
-1.048899963498115540e-01 1.721660017967224121e+00
2.920089960098266602e-01 1.631860017776489258e+00
5.743290185928344727e-01 1.617660045623779297e+00
1.162089943885803223e+00 1.701769948005676270e+00
9.598309993743896484e-01 1.696589946746826172e+00
-6.136710047721862793e-01 5.580209940671920776e-02
-5.699639916419982910e-01 1.724070012569427490e-01
-4.343039989471435547e-01 -2.815310060977935791e-01
-3.968940079212188721e-01 -3.288809955120086670e-01
-3.689500093460083008e-01 -3.846339881420135498e-01
-5.479750037193298340e-01 -4.248479902744293213e-01
-6.091790199279785156e-01 -3.105959892272949219e-01
-3.192290067672729492e-01 -4.280419945716857910e-01
-1.035119965672492981e-01 -8.256319761276245117e-01
-2.708829939365386963e-01 -4.961040019989013672e-01
1.643480062484741211e-01 -1.040599942207336426e+00
4.729390144348144531e-01 -1.645740032196044922e+00
3.842689990997314453e-01 -1.711130023002624512e+00
4.256300032138824463e-01 -5.091900229454040527e-01
3.537580072879791260e-01 -4.996159970760345459e-01
3.001649975776672363e-01 -1.055430054664611816e+00
3.603009879589080811e-01 -9.458929896354675293e-01
1.139410018920898438e+00 -6.026099920272827148e-01
1.145910024642944336e+00 -6.930480003356933594e-01
1.056059956550598145e+00 1.011839985847473145e+00
2.413140058517456055e+00 1.921540021896362305e+00
1.661630034446716309e+00 1.140440031886100769e-01
2.066859960556030273e+00 1.230550035834312439e-01
2.176199913024902344e+00 6.133370101451873779e-02
2.512340068817138672e+00 -1.448010057210922241e-01
2.267250061035156250e+00 -2.552289962768554688e-01
2.859989881515502930e+00 -1.842669963836669922e+00
2.708280086517333984e+00 -1.921880006790161133e+00
1.453740000724792480e+00 -3.833880126476287842e-01
1.559430003166198730e+00 -2.463520020246505737e-01
7.110419869422912598e-01 6.831579804420471191e-01
5.613589882850646973e-01 1.278730034828186035e+00
5.277319997549057007e-02 6.924729943275451660e-01
-6.200059875845909119e-02 5.619140267372131348e-01
-2.956260144710540771e-01 4.405589997768402100e-01
-4.350790083408355713e-01 5.769050121307373047e-01
-5.170419812202453613e-01 5.657690167427062988e-01
-1.558759957551956177e-01 5.626389980316162109e-01
-1.832859963178634644e-01 5.332540273666381836e-01
2.642300128936767578e-01 1.493810057640075684e+00
4.615119993686676025e-01 1.420469999313354492e+00
7.215899825096130371e-01 1.695670008659362793e+00
8.422819972038269043e-01 1.629940032958984375e+00
-5.404369831085205078e-01 4.801680147647857666e-01
-5.244920253753662109e-01 9.051399677991867065e-02
-5.186179876327514648e-01 -1.568319946527481079e-01
-4.615350067615509033e-01 -2.623209953308105469e-01
-4.997430145740509033e-01 -2.765580117702484131e-01
-9.336050152778625488e-01 -3.089869916439056396e-01
-8.499709963798522949e-01 -7.773829996585845947e-02
-9.933820366859436035e-02 -5.596560239791870117e-01
-7.126080244779586792e-02 -5.854269862174987793e-01
-2.901349961757659912e-01 -6.796410083770751953e-01
-1.658019982278347015e-02 -1.174419999122619629e+00
-8.484330177307128906e-01 -1.082299947738647461e+00
-3.386319875717163086e-01 -4.612979888916015625e-01
-1.968339979648590088e-01 -5.202909708023071289e-01
-2.499309927225112915e-01 -5.761280059814453125e-01
4.053319990634918213e-01 -3.223119974136352539e-01
1.990710049867630005e-01 -7.764660120010375977e-01
4.160859882831573486e-01 -8.450139760971069336e-01
3.584699928760528564e-01 -8.771830201148986816e-01
4.352869987487792969e-01 -2.786949872970581055e-01
5.906190276145935059e-01 -5.701810121536254883e-01
9.238730072975158691e-01 -1.019340038299560547e+00
1.609069943428039551e+00 8.605059981346130371e-01
1.715710043907165527e+00 1.039929986000061035e+00
1.510879993438720703e+00 1.033650040626525879e+00
1.654309988021850586e+00 2.198870033025741577e-01
3.002229928970336914e+00 1.921810030937194824e+00
2.286350011825561523e+00 2.490199953317642212e-01
2.398380041122436523e+00 -7.300359755754470825e-02
2.766580104827880859e+00 2.562519907951354980e-01
2.500550031661987305e+00 -2.793779969215393066e-01
2.373859882354736328e+00 -3.329879939556121826e-01
1.758679986000061035e+00 -4.647329822182655334e-02
1.758929967880249023e+00 6.278129667043685913e-02
2.287199974060058594e+00 -1.691239953041076660e+00
1.777459979057312012e+00 -1.384709954261779785e+00
5.494930148124694824e-01 4.344869852066040039e-01
5.601209998130798340e-01 3.633959889411926270e-01
5.200560018420219421e-02 5.316240191459655762e-01
5.376829952001571655e-02 5.680779814720153809e-01
-4.239330068230628967e-02 6.186490058898925781e-01
-1.837369948625564575e-01 4.790810048580169678e-01
-2.415959984064102173e-01 4.698880016803741455e-01
-6.361640244722366333e-02 6.942650079727172852e-01
1.694119907915592194e-02 1.521939992904663086e+00
8.827250003814697266e-01 1.298380017280578613e+00
7.213879823684692383e-01 1.277230024337768555e+00
-9.133599996566772461e-01 3.134419918060302734e-01
-4.876300096511840820e-01 4.385269880294799805e-01
-5.144460201263427734e-01 3.200950026512145996e-01
-5.282779932022094727e-01 -7.509469985961914062e-02
-4.973079860210418701e-01 -1.289550065994262695e-01
-4.460369944572448730e-01 -3.990370035171508789e-01
-4.578419923782348633e-01 -3.501400053501129150e-01
-4.121309891343116760e-02 -6.538460254669189453e-01
2.804099954664707184e-02 -8.173919916152954102e-01
5.202110111713409424e-02 -9.347460269927978516e-01
-6.521119922399520874e-02 -8.874189853668212891e-01
1.396079957485198975e-01 -1.211809992790222168e+00
-1.404539942741394043e-01 -1.292420029640197754e+00
-3.243240118026733398e-01 -1.034540057182312012e+00
-1.707880049943923950e-01 -1.115800023078918457e+00
-3.818440139293670654e-01 -4.570409953594207764e-01
-3.148759901523590088e-01 -4.993450045585632324e-01
-2.674780087545514107e-03 -5.912759900093078613e-01
4.010460078716278076e-01 -3.578250110149383545e-01
5.950459837913513184e-01 -6.860309839248657227e-01
5.340700149536132812e-01 -7.827050089836120605e-01
5.823879837989807129e-01 -9.598199725151062012e-01
4.360580146312713623e-01 -3.101499974727630615e-01
4.894419908523559570e-01 1.639149934053421021e-01
8.594300150871276855e-01 -1.724369972944259644e-01
9.244409799575805664e-01 -2.114900052547454834e-01
9.840400218963623047e-01 -4.255700111389160156e-01
1.057219982147216797e+00 -5.607219934463500977e-01
5.892900228500366211e-01 -5.180820226669311523e-01
6.392009854316711426e-01 -4.392850100994110107e-01
9.946579933166503906e-01 -8.848879933357238770e-01
1.071810007095336914e+00 -8.367069959640502930e-01
1.150500059127807617e+00 1.152809977531433105e+00
1.227910041809082031e+00 9.944379925727844238e-01
1.366219997406005859e+00 1.457159996032714844e+00
1.395499944686889648e+00 -4.063009843230247498e-02
1.745390057563781738e+00 2.838920056819915771e-01
2.063829898834228516e+00 2.435149997472763062e-01
1.951900005340576172e+00 2.996490001678466797e-01
2.403229951858520508e+00 5.672499909996986389e-02
3.144530057907104492e+00 3.588119894266128540e-02
3.891259908676147461e+00 -1.918339967727661133e+00
2.616679906845092773e+00 -3.555540144443511963e-01
2.344680070877075195e+00 -4.734039902687072754e-01
1.961159944534301758e+00 6.392289698123931885e-02
1.745429992675781250e+00 -2.627319991588592529e-01
2.152280092239379883e+00 -1.614269971847534180e+00
1.224009990692138672e+00 -2.207020074129104614e-01
6.015700101852416992e-01 5.067099928855895996e-01
1.326110064983367920e-01 6.911360025405883789e-01
8.994360268115997314e-02 7.679380178451538086e-01
-2.163589932024478912e-02 6.833930015563964844e-01
-4.059939980506896973e-01 5.170639753341674805e-01
-3.186529874801635742e-01 5.380359888076782227e-01
-2.957809865474700928e-01 5.824890136718750000e-01
2.642399966716766357e-01 1.186939954757690430e+00
1.381250023841857910e-01 1.192319989204406738e+00
9.046030044555664062e-01 1.924059987068176270e+00
9.996219873428344727e-01 1.838109970092773438e+00
-7.244420051574707031e-01 1.700620055198669434e-01
-8.457440137863159180e-01 1.770749986171722412e-01
-5.042859911918640137e-01 -1.961009949445724487e-01
-4.587630033493041992e-01 -2.299329936504364014e-01
-1.236710026860237122e-01 -6.436300277709960938e-01
-2.127850055694580078e-01 -6.164630055427551270e-01
8.858729898929595947e-02 -1.065780043601989746e+00
2.050990015268325806e-01 -1.371080040931701660e+00
1.966219991445541382e-01 -1.478889942169189453e+00
-5.333799719810485840e-01 -1.235319972038269043e+00
-4.779329895973205566e-01 -1.131590008735656738e+00
-3.107729852199554443e-01 -1.222129940986633301e+00
-9.193680286407470703e-01 -9.288960099220275879e-01
-3.356600105762481689e-01 -5.401269793510437012e-01
-3.055410087108612061e-01 -5.828729867935180664e-01
1.979960054159164429e-01 -6.729739904403686523e-01
1.600099951028823853e-01 -7.004579901695251465e-01
6.500579714775085449e-01 -8.570089936256408691e-01
5.311520099639892578e-01 -8.499109745025634766e-01
3.809950053691864014e-01 -1.183349967002868652e+00
6.362000107765197754e-01 -3.217029869556427002e-01
4.609990119934082031e-01 -2.326129972934722900e-01
4.976089894771575928e-01 -2.758550047874450684e-01
4.957660138607025146e-01 1.935800015926361084e-01
9.891769886016845703e-01 -3.392199873924255371e-01
8.323640227317810059e-01 -4.103370010852813721e-01
9.048560261726379395e-01 -4.625340104103088379e-01
1.405120015144348145e+00 8.707360029220581055e-01
1.491119980812072754e+00 6.936230063438415527e-01
1.352609992027282715e+00 1.345229983329772949e+00
1.925650000572204590e+00 1.433130025863647461e+00
1.701470017433166504e+00 1.440750002861022949e+00
1.724619984626770020e+00 4.030179977416992188e-01
2.170909881591796875e+00 3.084090054035186768e-01
2.389110088348388672e+00 4.475310146808624268e-01
2.522069931030273438e+00 1.204349994659423828e-01
2.892879962921142578e+00 3.263629972934722900e-01
3.018840074539184570e+00 1.112629994750022888e-01
3.403789997100830078e+00 2.697709947824478149e-02
3.903820037841796875e+00 -1.428220033645629883e+00
3.760710000991821289e+00 -1.183339953422546387e+00
3.261039972305297852e+00 -1.866829991340637207e-01
3.137249946594238281e+00 -1.070239990949630737e-01
3.309859991073608398e+00 -1.598549962043762207e+00
2.860579967498779297e+00 -7.730119824409484863e-01
2.728460073471069336e+00 -5.685380101203918457e-01
2.605360031127929688e+00 -4.948379993438720703e-01
2.867189884185791016e+00 -1.685719966888427734e+00
1.823240041732788086e+00 -4.370239973068237305e-01
1.509639978408813477e+00 -5.427970290184020996e-01
1.630540013313293457e+00 -4.103170037269592285e-01
6.538349986076354980e-01 5.299789905548095703e-01
6.567800045013427734e-01 5.894590020179748535e-01
4.500710070133209229e-01 7.016230225563049316e-01
3.595390021800994873e-01 6.983469724655151367e-01
4.080540034919977188e-03 7.584419846534729004e-01
-3.468889892101287842e-01 4.685780107975006104e-01
-3.914360105991363525e-01 6.452270150184631348e-01
-2.058870047330856323e-01 6.169199943542480469e-01
1.032710000872612000e-01 1.336760044097900391e+00
2.525399923324584961e-01 1.270539999008178711e+00
-8.439199924468994141e-01 4.688009917736053467e-01
-5.007809996604919434e-01 1.201900020241737366e-01
-1.068350002169609070e-01 -5.038689970970153809e-01
-2.306270003318786621e-01 -6.703959703445434570e-01
-1.843699961900711060e-01 -9.523699879646301270e-01
3.181130066514015198e-02 -1.342059969902038574e+00
-9.452810138463973999e-02 -1.481899976730346680e+00
-9.282960295677185059e-01 -1.525930047035217285e+00
-7.211019992828369141e-01 -1.360550045967102051e+00
-4.053139984607696533e-01 -4.928230047225952148e-01
-3.828850090503692627e-01 -5.378630161285400391e-01
1.103259995579719543e-01 -6.429190039634704590e-01
6.392289698123931885e-02 -5.872439742088317871e-01
6.317849755287170410e-01 -1.082049965858459473e+00
4.161039888858795166e-01 -9.767400026321411133e-01
5.227450132369995117e-01 -9.839149713516235352e-01
5.477709770202636719e-01 -4.462279975414276123e-01
5.047330260276794434e-01 -3.837589919567108154e-01
5.269659757614135742e-01 2.054429948329925537e-01
8.425080180168151855e-01 -3.274559974670410156e-01
7.454419732093811035e-01 -5.254719853401184082e-01
1.683439970016479492e+00 -1.826159954071044922e+00
1.524809956550598145e+00 -1.906880021095275879e+00
1.250530004501342773e+00 1.302279949188232422e+00
1.811020016670227051e+00 1.238610029220581055e+00
1.483719944953918457e+00 1.500499963760375977e+00
1.502740025520324707e+00 1.629490017890930176e+00
2.286279916763305664e+00 1.684080004692077637e+00
1.822329998016357422e+00 4.752250015735626221e-01
2.863300085067749023e+00 1.688140034675598145e+00
3.151410102844238281e+00 1.842960000038146973e+00
2.520270109176635742e+00 2.541100084781646729e-01
2.890619993209838867e+00 4.700930118560791016e-01
3.021480083465576172e+00 2.538650035858154297e-01
3.276010036468505859e+00 1.037020012736320496e-01
3.797580003738403320e+00 -2.083780020475387573e-01
4.198359966278076172e+00 -1.426579952239990234e+00
4.056250095367431641e+00 -1.181529998779296875e+00
3.644910097122192383e+00 -4.405629932880401611e-01
3.524830102920532227e+00 -2.012110054492950439e-01
3.369230031967163086e+00 -4.196189939975738525e-01
3.745749950408935547e+00 -1.837190032005310059e+00
3.595240116119384766e+00 -1.918849945068359375e+00
3.455009937286376953e+00 -1.676890015602111816e+00
3.011770009994506836e+00 -9.781389832496643066e-01
2.867860078811645508e+00 -9.158149957656860352e-01
1.848189949989318848e+00 -2.160049974918365479e-01
1.855239987373352051e+00 -1.047350019216537476e-01
2.036250114440917969e+00 -1.390560030937194824e+00
1.135589957237243652e+00 -4.323239922523498535e-01
1.139140009880065918e+00 -3.470050096511840820e-01
1.770009994506835938e-01 7.123889923095703125e-01
2.200939953327178955e-01 6.777120232582092285e-01
4.862309992313385010e-01 7.886459827423095703e-01
6.532970070838928223e-01 7.142580151557922363e-01
5.471929907798767090e-01 7.087560296058654785e-01
3.540939837694168091e-02 8.437489867210388184e-01
-3.099899888038635254e-01 4.691590070724487305e-01
-2.904480099678039551e-01 5.040540099143981934e-01
-3.187949955463409424e-01 6.394529938697814941e-01
-1.630350053310394287e-01 6.019210219383239746e-01
-1.260839998722076416e-01 6.610429883003234863e-01
-6.302530169486999512e-01 4.192819893360137939e-01
-6.097589731216430664e-01 3.212240040302276611e-01
-1.379839926958084106e-01 -5.084400177001953125e-01
-7.113140076398849487e-02 -7.761710286140441895e-01
-8.711399883031845093e-02 -7.253159880638122559e-01
9.668339788913726807e-02 -1.523329973220825195e+00
8.149579912424087524e-02 -1.645269989967346191e+00
-3.539589941501617432e-01 -1.327290058135986328e+00
-2.827860116958618164e-01 -1.420099973678588867e+00
-4.710339903831481934e-01 -5.506010055541992188e-01
1.750140041112899780e-01 -9.654099941253662109e-01
2.459309995174407959e-01 -4.516780078411102295e-01
3.020280003547668457e-01 -7.801030278205871582e-01
2.466299980878829956e-01 -6.941609978675842285e-01
5.534849762916564941e-01 -1.481570005416870117e+00
5.512620210647583008e-01 -1.108450055122375488e+00
4.318870007991790771e-01 -1.049919962882995605e+00
5.010790228843688965e-01 -1.054999947547912598e+00
5.986279845237731934e-01 -3.366369903087615967e-01
5.895779728889465332e-01 -4.148289859294891357e-01
5.310680270195007324e-01 2.379309982061386108e-01
7.841820120811462402e-01 -2.799479961395263672e-01
6.895080208778381348e-01 -3.432500064373016357e-01
6.559000015258789062e-01 -6.489989757537841797e-01
6.805179715156555176e-01 -5.406860113143920898e-01
1.712829947471618652e+00 -1.666779994964599609e+00
9.671930074691772461e-01 8.893150091171264648e-01
1.330369949340820312e+00 1.141399979591369629e+00
1.412860035896301270e+00 9.799410104751586914e-01
1.971920013427734375e+00 1.826500058174133301e+00
1.888229966163635254e+00 1.572839975357055664e+00
1.816259980201721191e+00 6.005060076713562012e-01
2.727180004119873047e+00 1.456369996070861816e+00
2.475889921188354492e+00 6.712639927864074707e-01
2.640229940414428711e+00 3.242120146751403809e-01
3.020970106124877930e+00 5.427610278129577637e-01
3.151690006256103516e+00 3.233909904956817627e-01
3.280519962310791016e+00 2.486100047826766968e-01
3.663470029830932617e+00 -1.294189989566802979e-01
4.076210021972656250e+00 -2.076279968023300171e-01
3.937479972839355469e+00 2.473570033907890320e-02
3.924619913101196289e+00 -6.083199977874755859e-01
3.929949998855590820e+00 -4.470590054988861084e-01
3.914139986038208008e+00 -9.357259869575500488e-01
3.774090051651000977e+00 -6.880080103874206543e-01
3.337970018386840820e+00 -5.811089873313903809e-01
2.636899948120117188e+00 -8.410420268774032593e-02
2.641789913177490234e+00 5.140339955687522888e-02
3.299279928207397461e+00 -1.919690012931823730e+00
2.725239992141723633e+00 -1.610129952430725098e+00
1.906049966812133789e+00 -6.271719932556152344e-01
1.918769955635070801e+00 -1.178320050239562988e+00
1.670860052108764648e+00 -1.184239983558654785e+00
6.039170026779174805e-01 6.215429902076721191e-01
3.132080137729644775e-01 6.693639755249023438e-01
4.441049993038177490e-01 7.554789781570434570e-01
7.436829805374145508e-01 1.014430046081542969e+00
6.913959980010986328e-01 8.890370130538940430e-01
1.340530067682266235e-01 8.525260090827941895e-01
7.468780130147933960e-02 9.404810070991516113e-01
1.300919950008392334e-01 1.046020030975341797e+00
-7.830540090799331665e-02 7.383279800415039062e-01
-8.764240145683288574e-02 6.642619967460632324e-01
-9.986019879579544067e-02 6.066830158233642578e-01
-4.396660029888153076e-01 2.736259996891021729e-01
-2.351820021867752075e-01 -4.551169872283935547e-01
-1.889829933643341064e-01 -4.887390136718750000e-01
3.075519949197769165e-02 -1.007550001144409180e+00
-4.924890026450157166e-02 -1.021329998970031738e+00
-3.797479867935180664e-01 -9.516370296478271484e-01
-5.374739766120910645e-01 -5.646290183067321777e-01
-3.951050043106079102e-01 -6.326569914817810059e-01
-4.194490015506744385e-01 -6.883879899978637695e-01
9.194990247488021851e-02 -5.632190108299255371e-01
1.047350019216537476e-01 -5.057539939880371094e-01
3.692829906940460205e-01 -3.651889860630035400e-01
3.651160001754760742e-01 -4.247510135173797607e-01
7.771000266075134277e-01 -1.016559958457946777e+00
6.412450075149536133e-01 -1.004510045051574707e+00
9.168850183486938477e-01 -1.310009956359863281e+00
6.607289910316467285e-01 -1.643390059471130371e+00
7.341279983520507812e-01 -1.449920058250427246e+00
5.000060200691223145e-01 -3.104560077190399170e-01
4.684759974479675293e-01 -3.649080097675323486e-01
5.546619892120361328e-01 1.848939955234527588e-01
5.638509988784790039e-01 2.518950104713439941e-01
5.659670233726501465e-01 2.875109910964965820e-01
1.242269992828369141e+00 -8.331810235977172852e-01
1.156250000000000000e+00 -8.838469982147216797e-01
1.285269975662231445e+00 7.085260152816772461e-01
1.375049948692321777e+00 5.367709994316101074e-01
1.546499967575073242e+00 1.303239941596984863e+00
1.595289945602416992e+00 1.206680059432983398e+00
1.396000027656555176e+00 5.525530129671096802e-02
1.309020042419433594e+00 1.937890052795410156e-01
2.163749933242797852e+00 4.302859902381896973e-01
2.048700094223022461e+00 4.857980012893676758e-01
3.300729990005493164e+00 1.605970025062561035e+00
3.016170024871826172e+00 1.144850015640258789e+00
2.747720003128051758e+00 6.876040101051330566e-01
2.632070064544677734e+00 4.644410014152526855e-01
3.153439998626708984e+00 4.685570001602172852e-01
3.411849975585937500e+00 3.182120025157928467e-01
4.777639865875244141e+00 1.915220022201538086e+00
4.359429836273193359e+00 -2.027440071105957031e-01
4.213550090789794922e+00 3.443609923124313354e-02
4.499259948730468750e+00 -9.334070086479187012e-01
4.778960227966308594e+00 -1.917610049247741699e+00
4.483099937438964844e+00 -1.917860031127929688e+00
4.340479850769042969e+00 -1.671869993209838867e+00
3.615050077438354492e+00 -9.352759718894958496e-01
3.468879938125610352e+00 -6.779810190200805664e-01
3.312939882278442383e+00 -1.437340021133422852e+00
3.166090011596679688e+00 -1.201140046119689941e+00
2.061269998550415039e+00 -1.153469979763031006e-01
2.575999975204467773e+00 -1.689659953117370605e+00
1.905859947204589844e+00 -7.581560015678405762e-01
1.792930006980895996e+00 -9.778590202331542969e-01
1.552600026130676270e+00 -9.956139922142028809e-01
5.032529830932617188e-01 6.205120086669921875e-01
5.535929799079895020e-01 5.926740169525146484e-01
3.069309890270233154e-01 9.324830174446105957e-01
4.203589856624603271e-01 8.598170280456542969e-01
6.214910149574279785e-01 9.135619997978210449e-01
5.146170258522033691e-01 8.804529905319213867e-01
1.889510005712509155e-01 9.446600079536437988e-01
-1.516889929771423340e-01 8.019660115242004395e-01
-1.589509993791580200e-01 6.968939900398254395e-01
-2.661350071430206299e-01 6.964150071144104004e-01
-4.851149916648864746e-01 2.189339995384216309e-01
-5.130670070648193359e-01 1.890230029821395874e-01
-8.221139907836914062e-01 -1.921270012855529785e+00
-8.491749763488769531e-01 -1.652330040931701660e+00
-2.148919999599456787e-01 -8.835859894752502441e-01
-2.783989906311035156e-01 -8.544160127639770508e-01
1.343300044536590576e-01 -8.537210226058959961e-01
1.956519931554794312e-01 -5.193979740142822266e-01
3.274730145931243896e-01 -3.931869864463806152e-01
3.479120135307312012e-01 -5.357260107994079590e-01
7.721229791641235352e-01 -1.101060032844543457e+00
8.449550271034240723e-01 -1.152449965476989746e+00
1.078889966011047363e+00 -1.829910039901733398e+00
9.285709857940673828e-01 -1.911800026893615723e+00
5.649369955062866211e-01 -3.083859980106353760e-01
5.359039902687072754e-01 -3.627470135688781738e-01
6.890659928321838379e-01 1.903399974107742310e-01
7.706149816513061523e-01 -7.850300073623657227e-01
7.080870270729064941e-01 -7.541790008544921875e-01
7.806959748268127441e-01 1.282950043678283691e-01
1.047080039978027344e+00 9.220380187034606934e-01
1.418400049209594727e+00 1.183200001716613770e+00
1.508200049400329590e+00 1.133610010147094727e+00
2.171370029449462891e+00 1.452299952507019043e+00
2.565069913864135742e+00 1.843580007553100586e+00
2.269150018692016602e+00 5.014119744300842285e-01
2.144360065460205078e+00 6.634579896926879883e-01
3.445640087127685547e+00 1.841220021247863770e+00
3.446259975433349609e+00 1.682719945907592773e+00
3.017040014266967773e+00 9.918149709701538086e-01
2.877279996871948242e+00 9.162930250167846680e-01
3.286050081253051758e+00 5.387349724769592285e-01
4.481150150299072266e+00 1.916010022163391113e+00
3.691440105438232422e+00 7.361450195312500000e-01
3.553560018539428711e+00 6.749719977378845215e-01
3.415620088577270508e+00 4.631719887256622314e-01
4.170229911804199219e+00 5.250440239906311035e-01
4.064290046691894531e+00 2.627219855785369873e-01
5.079470157623291016e+00 -1.420629978179931641e+00
4.934619903564453125e+00 -1.175160050392150879e+00
4.785590171813964844e+00 -1.423419952392578125e+00
4.642089843750000000e+00 -1.178060054779052734e+00
4.349619865417480469e+00 -1.180019974708557129e+00
4.207709789276123047e+00 -9.351530075073242188e-01
2.890000104904174805e+00 4.462739825248718262e-02
2.460050106048583984e+00 -5.590779781341552734e-01
2.591079950332641602e+00 -1.382809996604919434e+00
2.446000099182128906e+00 -1.461899995803833008e+00
2.316509962081909180e+00 -1.239879965782165527e+00
1.631279945373535156e+00 -6.783760190010070801e-01
1.691609978675842285e+00 -5.870959758758544922e-01
8.956860005855560303e-02 6.256610155105590820e-01
1.283749938011169434e-01 6.438059806823730469e-01
3.991119861602783203e-01 7.746679782867431641e-01
3.592090010643005371e-01 7.468169927597045898e-01
4.790880084037780762e-01 1.138450026512145996e+00
6.448789834976196289e-01 1.136919975280761719e+00
2.554360032081604004e-01 1.043380022048950195e+00
3.281190097332000732e-01 1.151270031929016113e+00
6.854049861431121826e-02 1.159350037574768066e+00
5.638840198516845703e-01 1.485229969024658203e+00
7.658950090408325195e-01 1.432719945907592773e+00
-7.055310010910034180e-01 -1.616520047187805176e+00
-5.194429755210876465e-01 -1.458510041236877441e+00
-3.994799852371215820e-01 -8.090850114822387695e-01
-3.100180029869079590e-01 -7.376059889793395996e-01
-6.660709977149963379e-01 -6.693289875984191895e-01
-4.958919882774353027e-01 -7.159960269927978516e-01
1.356689929962158203e-01 -5.140110254287719727e-01
2.414429932832717896e-01 -5.023409724235534668e-01
2.752079963684082031e-01 -5.073140263557434082e-01
1.305460035800933838e-01 -5.738000273704528809e-01
1.827609986066818237e-01 -5.470820069313049316e-01
3.783249855041503906e-01 -5.639460086822509766e-01
4.173699915409088135e-01 -5.531640052795410156e-01
5.455890297889709473e-01 -1.379969954490661621e+00
9.176800251007080078e-01 -1.412479996681213379e+00
8.311889767646789551e-01 -1.480839967727661133e+00
4.603300094604492188e-01 -1.333469986915588379e+00
5.402460098266601562e-01 -1.192849993705749512e+00
6.307960152626037598e-01 2.407239973545074463e-01
6.388880014419555664e-01 2.795119881629943848e-01
1.013020038604736328e+00 -1.253419995307922363e+00
8.378559947013854980e-01 2.196059972047805786e-01
1.072029948234558105e+00 5.232369899749755859e-02
1.119279980659484863e+00 8.562610149383544922e-01
1.212409973144531250e+00 8.877649903297424316e-01
2.058520078659057617e+00 1.238360047340393066e+00
1.934939980506896973e+00 7.890890240669250488e-01
2.591350078582763672e+00 1.226680040359497070e+00
2.597460031509399414e+00 7.582439780235290527e-01
3.301170110702514648e+00 1.449210047721862793e+00
3.157540082931518555e+00 1.374079942703247070e+00
3.289040088653564453e+00 6.857200264930725098e-01
4.019740104675292969e+00 1.174630045890808105e+00
3.868340015411376953e+00 1.103659987449645996e+00
3.705610036849975586e+00 8.832929730415344238e-01
4.775640010833740234e+00 1.405709981918334961e+00
4.625249862670898438e+00 1.322710037231445312e+00
4.497900009155273438e+00 4.449279978871345520e-02
5.371019840240478516e+00 -1.916470050811767578e+00
5.225009918212890625e+00 -1.667529940605163574e+00
5.074890136718750000e+00 -1.917199969291687012e+00
4.929820060729980469e+00 -1.669720053672790527e+00
4.635119915008544922e+00 -1.671000003814697266e+00
4.492090225219726562e+00 -1.425189971923828125e+00
3.604789972305297852e+00 -1.594259977340698242e+00
2.593189954757690430e+00 -7.834460139274597168e-01
1.930889964103698730e+00 -3.925380110740661621e-01
2.051919937133789062e+00 -2.315009981393814087e-01
1.291739940643310547e+00 -3.608889877796173096e-01
1.066630035638809204e-01 5.238559842109680176e-01
1.142639964818954468e-01 5.606020092964172363e-01
2.957870066165924072e-01 8.686119914054870605e-01
3.856289982795715332e-01 8.280100226402282715e-01
6.565269827842712402e-01 1.048120021820068359e+00
5.397980213165283203e-01 7.668210268020629883e-01
-2.788560092449188232e-01 7.712190151214599609e-01
6.505219638347625732e-02 1.080690026283264160e+00
-4.228740185499191284e-02 -6.969329714775085449e-01
1.964760012924671173e-03 -7.245129942893981934e-01
-4.837200045585632324e-01 -7.986819744110107422e-01
-2.678759992122650146e-01 -7.832520008087158203e-01
-1.669059991836547852e-01 -8.244439959526062012e-01
1.538680046796798706e-01 -4.910610020160675049e-01
2.237740010023117065e-01 -5.232009887695312500e-01
3.362509906291961670e-01 -4.415340125560760498e-01
3.272689878940582275e-01 -4.744009971618652344e-01
4.748890101909637451e-01 -7.435349822044372559e-01
3.571250140666961670e-01 -7.441890239715576172e-01
6.155239939689636230e-01 -1.329959988594055176e+00
6.853799819946289062e-01 -1.211500048637390137e+00
5.140830278396606445e-01 1.425029933452606201e-01
5.481029748916625977e-01 1.516190022230148315e-01
7.871630191802978516e-01 -6.612740159034729004e-01
8.946570158004760742e-01 -5.558940172195434570e-01
1.115120053291320801e+00 -1.415860056877136230e+00
1.208379983901977539e+00 -1.223449945449829102e+00
8.830310106277465820e-01 5.143830180168151855e-01
9.426789879798889160e-01 6.109589934349060059e-01
8.281430006027221680e-01 9.727440029382705688e-02
8.870720267295837402e-01 1.250420063734054565e-01
1.480659961700439453e+00 1.065760031342506409e-01
2.186609983444213867e+00 1.165580034255981445e+00
2.447779893875122070e+00 9.951760172843933105e-01
3.010440111160278320e+00 1.609410047531127930e+00
2.732880115509033203e+00 1.148040056228637695e+00
2.588429927825927734e+00 9.129589796066284180e-01
4.184720039367675781e+00 1.917170047760009766e+00
4.027599811553955078e+00 1.341390013694763184e+00
4.629159927368164062e+00 1.831230044364929199e+00
4.925789833068847656e+00 1.829810023307800293e+00
4.776569843292236328e+00 1.575880050659179688e+00
4.475709915161132812e+00 5.446249842643737793e-01
4.343349933624267578e+00 2.846960127353668213e-01
5.227260112762451172e+00 -1.335770010948181152e+00
5.081570148468017578e+00 -1.090860009193420410e+00
4.647550106048583984e+00 -3.605079948902130127e-01
4.646329879760742188e+00 -1.972649991512298584e-01
4.357170104980468750e+00 -6.894599795341491699e-01
4.216119766235351562e+00 -4.468820095062255859e-01
2.747250080108642578e+00 -2.943170070648193359e-01
2.755690097808837891e+00 -1.574440002441406250e-01
2.733740091323852539e+00 -9.995059967041015625e-01
2.593640089035034180e+00 -9.312700033187866211e-01
2.182369947433471680e+00 -1.170590043067932129e+00
1.208870053291320801e+00 -5.560119748115539551e-01
1.204399943351745605e+00 -4.741399884223937988e-01
2.299750000238418579e-01 7.893880009651184082e-01
2.680619955062866211e-01 6.987959742546081543e-01
4.657770097255706787e-01 1.056120038032531738e+00
4.852040112018585205e-01 9.330319762229919434e-01
-2.248689979314804077e-01 9.091370105743408203e-01
-4.209600090980529785e-01 7.264159917831420898e-01
-5.127159953117370605e-01 7.364760041236877441e-01
-5.432659983634948730e-01 -1.935150027275085449e+00
-6.167989969253540039e-01 -1.718050003051757812e+00
3.585470095276832581e-02 -6.528739929199218750e-01
1.835449934005737305e-01 -4.957149922847747803e-01
2.000679969787597656e-01 -4.728060066699981689e-01
2.757900059223175049e-01 -4.511350095272064209e-01
3.162910044193267822e-01 -4.206160008907318115e-01
4.813190102577209473e-01 -6.793410181999206543e-01
2.896879911422729492e-01 -6.643469929695129395e-01
3.201130032539367676e-01 -5.937290191650390625e-01
1.091220021247863770e+00 -1.676679968833923340e+00
5.294569730758666992e-01 -2.541700005531311035e-01
5.856140255928039551e-01 1.973289996385574341e-01
5.907009840011596680e-01 2.318429946899414062e-01
1.431550025939941406e+00 -1.065670013427734375e+00
1.229069948196411133e+00 -1.607349991798400879e+00
1.335450053215026855e+00 -1.398200035095214844e+00
8.369870185852050781e-01 2.826400101184844971e-01
8.882870078086853027e-01 3.831979930400848389e-01
9.524019956588745117e-01 2.869780063629150391e-01
9.460420012474060059e-01 6.761209964752197266e-01
1.077200055122375488e+00 2.979690134525299072e-01
8.924599885940551758e-01 1.854780018329620361e-01
1.004549980163574219e+00 9.901119768619537354e-02
9.042569994926452637e-01 1.771380007266998291e-02
1.476209998130798340e+00 2.038560062646865845e-01
1.382089972496032715e+00 3.409399986267089844e-01
2.057830095291137695e+00 9.706289768218994141e-01
2.051830053329467773e+00 8.445910215377807617e-01
3.013350009918212891e+00 1.453969955444335938e+00
2.871579885482788086e+00 1.378119945526123047e+00
3.425610065460205078e+00 7.543569803237915039e-01
4.332530021667480469e+00 1.833170056343078613e+00
4.181719779968261719e+00 1.585510015487670898e+00
4.469629764556884766e+00 1.067819952964782715e+00
4.303410053253173828e+00 8.029850125312805176e-01
4.773169994354248047e+00 1.063879966735839844e+00
4.620989799499511719e+00 8.063799738883972168e-01
5.667640209197998047e+00 -1.915199995040893555e+00
5.521430015563964844e+00 -1.663720011711120605e+00
4.645649909973144531e+00 -8.503109812736511230e-01
3.900039911270141602e+00 -1.591779947280883789e+00
3.005800008773803711e+00 -1.706970036029815674e-01
3.160340070724487305e+00 -1.680979967117309570e+00
2.456279993057250977e+00 -1.161200046539306641e+00
2.183609962463378906e+00 -1.024180054664611816e+00
2.043190002441406250e+00 -8.203470110893249512e-01
5.083370208740234375e-01 5.116159915924072266e-01
4.705800116062164307e-01 4.414499998092651367e-01
7.017059922218322754e-01 8.169779777526855469e-01
5.872060060501098633e-01 8.040869832038879395e-01
-1.502200067043304443e-01 9.508450031280517578e-01
-1.355350017547607422e-02 8.600019812583923340e-01
-5.328949913382530212e-02 8.222709894180297852e-01
-5.248910188674926758e-01 -8.646429777145385742e-01
-4.725089967250823975e-01 -9.549769759178161621e-01
2.519119977951049805e-01 -5.965480208396911621e-01
1.886110007762908936e-01 -6.255009770393371582e-01
4.373539984226226807e-01 -6.399689912796020508e-01
3.600299954414367676e-01 -6.006240248680114746e-01
9.901419878005981445e-01 -1.596349954605102539e+00
7.845759987831115723e-01 -1.691779971122741699e+00
6.848679780960083008e-01 -2.510130107402801514e-01
6.021130084991455078e-01 -2.482350021600723267e-01
1.008669972419738770e+00 -1.153890013694763184e+00
1.431900024414062500e+00 -1.192289948463439941e+00
1.321179986000061035e+00 -1.266080021858215332e+00
7.850210070610046387e-01 1.901910006999969482e-01
7.048649787902832031e-01 4.898400008678436279e-01
7.639219760894775391e-01 5.147650241851806641e-01
8.245059847831726074e-01 4.126029908657073975e-01
1.094210028648376465e+00 7.803069949150085449e-01
1.194049954414367676e+00 6.676449775695800781e-01
1.004390001296997070e+00 3.929759860038757324e-01
9.405710101127624512e-01 4.834620058536529541e-01
1.816419959068298340e+00 1.907709956169128418e+00
1.941349983215332031e+00 1.041260004043579102e+00
2.435960054397583008e+00 1.609920024871826172e+00
2.307970046997070312e+00 9.363399744033813477e-01
2.348200082778930664e+00 7.070969939231872559e-01
4.036230087280273438e+00 1.835800051689147949e+00
3.581350088119506836e+00 1.125409960746765137e+00
3.431519985198974609e+00 9.036729931831359863e-01
5.073440074920654297e+00 1.401829957962036133e+00
4.924200057983398438e+00 1.318439960479736328e+00
4.936639785766601562e+00 -8.468760251998901367e-01
4.792180061340332031e+00 -6.034110188484191895e-01
4.187220096588134766e+00 -1.918059945106506348e+00
4.045609951019287109e+00 -1.672780036926269531e+00
3.020179986953735352e+00 -1.446490049362182617e+00
2.877500057220458984e+00 -1.218739986419677734e+00
1.299849987030029297e+00 -5.808309912681579590e-01
1.345960021018981934e+00 -5.066999793052673340e-01
3.727219998836517334e-01 9.568920135498046875e-01
4.223200082778930664e-01 9.179229736328125000e-01
-6.988479942083358765e-02 1.066640019416809082e+00
-3.539840131998062134e-02 9.177420139312744141e-01
-9.621729701757431030e-02 9.085800051689147949e-01
-7.116500139236450195e-01 -1.097810029983520508e+00
-6.326739788055419922e-01 -8.864480257034301758e-01
2.560760080814361572e-01 -5.604850053787231445e-01
2.301159948110580444e-01 -5.483170151710510254e-01
8.330860137939453125e-01 -1.252429962158203125e+00
7.499250173568725586e-01 -1.278429985046386719e+00
9.731929898262023926e-01 -6.073439717292785645e-01
1.082509994506835938e+00 -1.101950049400329590e+00
1.153470039367675781e+00 -9.712409973144531250e-01
6.356980204582214355e-01 4.222120046615600586e-01
7.814990282058715820e-01 3.101660013198852539e-01
8.912680149078369141e-01 7.827119827270507812e-01
1.014569997787475586e+00 7.689710259437561035e-01
1.060250043869018555e+00 6.671820282936096191e-01
9.522650241851806641e-01 2.179519981145858765e-01
1.649729967117309570e+00 1.677790045738220215e+00
1.668069958686828613e+00 1.831169962882995605e+00
2.311559915542602539e+00 1.381719946861267090e+00
2.316580057144165039e+00 1.233209967613220215e+00
4.034629821777343750e+00 1.671360015869140625e+00
4.628369808197021484e+00 1.662170052528381348e+00
5.222390174865722656e+00 1.828359961509704590e+00
5.073810100555419922e+00 1.572739958763122559e+00
4.502739906311035156e+00 -6.067429780960083008e-01
4.503439903259277344e+00 -4.438599944114685059e-01
2.019119977951049805e+00 -5.661690235137939453e-01
2.131449937820434570e+00 -4.111090004444122314e-01
4.542489945888519287e-01 5.894470214843750000e-01
4.587360024452209473e-01 5.359050035476684570e-01
-2.595310099422931671e-03 1.294360041618347168e+00
-7.720070332288742065e-02 1.152289986610412598e+00
8.346270024776458740e-02 -7.163410186767578125e-01
8.898390084505081177e-02 -8.071449995040893555e-01
7.422919869422912598e-01 -1.705469936132431030e-01
6.410189867019653320e-01 -1.686729937791824341e-01
1.328040003776550293e+00 -1.002760052680969238e+00
1.230100035667419434e+00 -1.039049983024597168e+00
6.327900290489196777e-01 3.737179934978485107e-01
6.921839714050292969e-01 4.367969930171966553e-01
7.188760042190551758e-01 3.905870020389556885e-01
9.960010051727294922e-01 5.157439708709716797e-01
9.973580241203308105e-01 5.775060057640075684e-01
1.547039985656738281e+00 3.533549904823303223e-01
1.461330056190490723e+00 4.845559895038604736e-01
3.886029958724975586e+00 1.592980027198791504e+00
3.734179973602294922e+00 1.355319976806640625e+00
5.081820011138916016e+00 -4.357030093669891357e-01
4.935329914093017578e+00 -1.926970034837722778e-01
2.318350076675415039e+00 -9.434319734573364258e-01
1.546849966049194336e+00 -8.715100288391113281e-01
1.424510002136230469e+00 -7.063699960708618164e-01
3.754250109195709229e-01 5.121799707412719727e-01
3.133209943771362305e-01 4.743460118770599365e-01
-4.823989868164062500e-01 -1.679929971694946289e+00
-3.210749924182891846e-01 -1.532789945602416992e+00
5.242540240287780762e-01 -2.181870043277740479e-01
4.818579852581024170e-01 -1.826509982347488403e-01
7.859259843826293945e-01 -3.130010096356272697e-03
7.424219846725463867e-01 -1.076309978961944580e-01
1.613790035247802734e+00 -1.574519991874694824e+00
1.371180057525634766e+00 -1.667449951171875000e+00
8.265640139579772949e-01 6.142240166664123535e-01
8.277699947357177734e-01 6.815569996833801270e-01
1.014189958572387695e+00 1.803289949893951416e-01
1.590630054473876953e+00 6.178100109100341797e-01
1.621719956398010254e+00 4.302720129489898682e-01
3.667920112609863281e+00 2.187369950115680695e-02
3.536959886550903320e+00 9.756139665842056274e-02
4.928939819335937500e+00 3.014380037784576416e-01
4.787230014801025391e+00 5.118380114436149597e-02
5.522920131683349609e+00 -1.329010009765625000e+00
5.375080108642578125e+00 -1.084750056266784668e+00
3.461580038070678711e+00 -1.352659940719604492e+00
2.147249937057495117e+00 -6.054800152778625488e-01
2.219189882278442383e+00 -5.040299892425537109e-01
1.602739989757537842e-01 5.085899829864501953e-01
3.160350024700164795e-01 6.205660104751586914e-01
3.628849983215332031e-01 5.935850143432617188e-01
-4.121519923210144043e-01 -1.880329966545104980e+00
-2.749859988689422607e-01 -1.735870003700256348e+00
5.982109904289245605e-01 -1.984300017356872559e-01
5.959519743919372559e-01 -3.218280151486396790e-02
9.762730002403259277e-01 -7.008600234985351562e-01
8.273289799690246582e-01 -7.297779917716979980e-01
6.794390082359313965e-01 3.521940112113952637e-01
7.330200076103210449e-01 2.192959934473037720e-01
1.227620005607604980e+00 2.331580072641372681e-01
1.081339955329895020e+00 2.209620028734207153e-01
3.019589900970458984e+00 6.902880072593688965e-01
3.802020072937011719e+00 9.802020341157913208e-02
4.776790142059326172e+00 5.513929724693298340e-01
4.635399818420410156e+00 2.963640093803405762e-01
5.219950199127197266e+00 8.030760288238525391e-01
5.073090076446533203e+00 5.523759722709655762e-01
5.818049907684326172e+00 -1.828250050544738770e+00
5.671189785003662109e+00 -1.576200008392333984e+00
2.857700109481811523e+00 -5.036399960517883301e-01
2.995170116424560547e+00 -3.080979883670806885e-01
2.967830002307891846e-01 4.420970082283020020e-01
2.504130005836486816e-01 4.650770127773284912e-01
2.289779931306838989e-01 5.125439763069152832e-01
-1.018560007214546204e-01 1.459579944610595703e+00
-1.237059980630874634e-01 -1.598819971084594727e+00
-2.401140034198760986e-01 -1.627239942550659180e+00
5.452749729156494141e-01 -5.959740281105041504e-01
5.420349836349487305e-01 -6.534590125083923340e-01
5.231429934501647949e-01 -7.798189669847488403e-02
6.156259775161743164e-01 1.393059939146041870e-01
6.837549805641174316e-01 -2.449749968945980072e-02
6.263200044631958008e-01 4.464190080761909485e-02
1.052459955215454102e+00 4.297290146350860596e-01
1.826210021972656250e+00 8.537529706954956055e-01
1.713500022888183594e+00 7.961599826812744141e-01
4.476779937744140625e+00 1.410439968109130859e+00
5.370719909667968750e+00 1.396559953689575195e+00
5.221769809722900391e+00 1.313760042190551758e+00
5.519219875335693359e+00 1.306450009346008301e+00
5.368949890136718750e+00 1.053949952125549316e+00
5.228320121765136719e+00 -8.417950272560119629e-01
5.228010177612304688e+00 -6.780819892883300781e-01
3.108769953250885010e-01 4.125939905643463135e-01
2.071730047464370728e-01 4.862209856510162354e-01
1.785600036382675171e-01 4.838249981403350830e-01
3.048749864101409912e-01 5.424619913101196289e-01
2.899259924888610840e-01 5.069090127944946289e-01
-9.823639690876007080e-02 1.343340039253234863e+00
-6.682950258255004883e-02 -1.833410024642944336e+00
-1.922090053558349609e-01 -1.852730035781860352e+00
5.944470167160034180e-01 -8.438070118427276611e-02
6.401219964027404785e-01 -1.133449971675872803e-01
7.318779826164245605e-01 1.098230034112930298e-01
7.275019884109497070e-01 1.571100018918514252e-02
1.046659946441650391e+00 4.882879853248596191e-01
1.217720031738281250e+00 3.258189857006072998e-01
1.120390057563781738e+00 4.185700118541717529e-01
4.320149898529052734e+00 1.158159971237182617e+00
5.519340038299560547e+00 1.826220035552978516e+00
5.370979785919189453e+00 1.568670034408569336e+00
5.669419765472412109e+00 1.562260031700134277e+00
5.226079940795898438e+00 -3.516879975795745850e-01
5.224730014801025391e+00 -1.886020004749298096e-01
3.651799857616424561e-01 4.384630024433135986e-01
4.315989911556243896e-01 4.578639864921569824e-01
-4.733060002326965332e-01 9.192219972610473633e-01
-6.603620052337646484e-01 8.565980195999145508e-01
5.559549927711486816e-01 -1.852360069751739502e-01
5.121930241584777832e-01 1.126770023256540298e-02
6.507970094680786133e-01 1.191060021519660950e-01
6.579579710960388184e-01 7.429070025682449341e-02
1.096650004386901855e+00 5.138670206069946289e-01
1.105829954147338867e+00 5.706790089607238770e-01
3.802580118179321289e+00 6.558619737625122070e-01
5.072279930114746094e+00 1.060199975967407227e+00
4.923240184783935547e+00 8.064129948616027832e-01
5.220769882202148438e+00 3.025070130825042725e-01
5.077690124511718750e+00 5.499089881777763367e-02
5.821459770202636719e+00 -1.317549943923950195e+00
5.670060157775878906e+00 -1.074560046195983887e+00
3.312560081481933594e+00 -1.111670017242431641e+00
1.616770029067993164e-01 6.142110228538513184e-01
-2.197930067777633667e-01 1.517789959907531738e+00
-3.780120015144348145e-01 8.884710073471069336e-01
4.936029911041259766e-01 -1.297319978475570679e-01
5.009670257568359375e-01 -9.737479686737060547e-02
5.592989921569824219e-01 2.721250057220458984e-02
1.551679968833923340e+00 -1.372110009193420410e+00
1.445340037345886230e+00 -1.443179965019226074e+00
3.155050039291381836e+00 7.630680203437805176e-01
4.150569915771484375e+00 8.990910053253173828e-01
3.799979925155639648e+00 2.453860044479370117e-01
3.669430017471313477e+00 3.155660033226013184e-01
5.818769931793212891e+00 1.294729948043823242e+00
5.665120124816894531e+00 1.043210029602050781e+00
6.282219886779785156e+00 -1.549020051956176758e+00
6.119090080261230469e+00 -1.822639942169189453e+00
5.972690105438232422e+00 -1.565809965133666992e+00
2.974109888076782227e+00 -6.982679963111877441e-01
3.093379974365234375e+00 -5.157170295715332031e-01
2.090079933404922485e-01 6.268650293350219727e-01
2.383719980716705322e-01 5.863119959831237793e-01
-5.401049852371215820e-01 1.925850033760070801e+00
-3.660109937191009521e-01 1.713889956474304199e+00
5.165569782257080078e-01 -4.256260022521018982e-02
5.620729923248291016e-01 -1.031630020588636398e-02
5.779489874839782715e-01 1.245289966464042664e-01
5.835739970207214355e-01 5.504669994115829468e-02
3.156009912490844727e+00 9.133149981498718262e-01
3.990679979324340820e+00 8.349900245666503906e-01
4.026010036468505859e+00 5.678340196609497070e-01
5.819180011749267578e+00 1.646170020103454590e+00
5.965010166168212891e+00 1.910390019416809082e+00
5.513659954071044922e+00 7.955120205879211426e-01
5.365660190582275391e+00 5.492330193519592285e-01
6.570690155029296875e+00 -1.904430031776428223e+00
6.440289974212646484e+00 -1.629639983177185059e+00
3.120260000228881836e+00 -7.371429800987243652e-01
3.196530103683471680e+00 -6.194639801979064941e-01
-4.939039945602416992e-01 1.030910015106201172e+00
-3.024660050868988037e-01 9.485049843788146973e-01
5.274869799613952637e-01 3.526160120964050293e-02
5.257520079612731934e-01 8.825069665908813477e-02
3.295909881591796875e+00 9.852820038795471191e-01
3.926980018615722656e+00 3.274379968643188477e-01
3.789849996566772461e+00 5.214070081710815430e-01
5.651579856872558594e+00 3.794470131397247314e-01
6.606389999389648438e+00 -1.523970007896423340e+00
5.520599842071533203e+00 -8.337180018424987793e-01
5.372920036315917969e+00 -5.930730104446411133e-01
-9.225739836692810059e-01 1.814949989318847656e+00
-6.602100133895874023e-01 1.843359947204589844e+00
-1.955119967460632324e-01 1.268509984016418457e+00
1.179909944534301758e+00 5.860270261764526367e-01
1.206859946250915527e+00 5.148119926452636719e-01
3.444770097732543945e+00 1.366799950599670410e+00
3.298579931259155273e+00 1.138239979743957520e+00
6.281799793243408203e+00 1.537529945373535156e+00
5.662789821624755859e+00 -5.835580229759216309e-01
5.514870166778564453e+00 -3.452570140361785889e-01
5.805459976196289062e+00 7.819129824638366699e-01
6.924900054931640625e+00 -1.496230006217956543e+00
6.768219947814941406e+00 -1.801859974861145020e+00
-6.208360195159912109e-01 1.692759990692138672e+00
-4.547719955444335938e-01 1.495090007781982422e+00
-1.708499938249588013e-01 1.172510027885437012e+00
-2.994160056114196777e-01 1.055160045623779297e+00
5.971560001373291016e+00 1.552279949188232422e+00
6.606470108032226562e+00 1.516860008239746094e+00
5.654250144958496094e+00 -9.969329833984375000e-02
5.812789916992187500e+00 -8.206250071525573730e-01
5.368159770965576172e+00 -1.052599996328353882e-01
5.509309768676757812e+00 1.389259994029998779e-01
1.509499996900558472e-01 5.720999836921691895e-01
2.151570022106170654e-01 5.446689724922180176e-01
-3.955599963665008545e-01 1.106819987297058105e+00
3.888550043106079102e+00 1.918630003929138184e+00
6.118790149688720703e+00 1.817729949951171875e+00
6.264880180358886719e+00 1.907340049743652344e+00
6.901229858398437500e+00 1.897439956665039062e+00
6.791959762573242188e+00 1.602669954299926758e+00
6.191800117492675781e+00 3.478510081768035889e-01
6.216939926147460938e+00 4.941489994525909424e-01
5.961840152740478516e+00 -8.927959799766540527e-01
5.963250160217285156e+00 1.025840044021606445e+00
-9.356170296669006348e-01 1.524600028991699219e+00
-7.200509905815124512e-01 1.599200010299682617e+00
3.740560054779052734e+00 1.838690042495727539e+00
6.570690155029296875e+00 1.903090000152587891e+00
6.440199851989746094e+00 1.622069954872131348e+00
6.394410133361816406e+00 7.244639992713928223e-01
6.103229999542236328e+00 -8.001019954681396484e-01
5.950170040130615234e+00 -5.689589977264404297e-01
5.931000232696533203e+00 6.750559806823730469e-02
6.053269863128662109e+00 1.462820023298263550e-01
6.282889842987060547e+00 -1.372329950332641602e+00
6.120890140533447266e+00 -1.128909945487976074e+00
-6.808180212974548340e-01 1.456560015678405762e+00
-5.309029817581176758e-01 1.279440045356750488e+00
3.739639997482299805e+00 1.677479982376098633e+00
3.592459917068481445e+00 1.600350022315979004e+00
6.681270122528076172e+00 6.914079785346984863e-01
6.929339885711669922e+00 6.116930246353149414e-01
6.576700210571289062e+00 -9.822900295257568359e-01
6.254960060119628906e+00 -8.655850291252136230e-01
5.801620006561279297e+00 -3.348819911479949951e-01
5.797920227050781250e+00 -1.748429983854293823e-01
6.124169826507568359e+00 1.276790022850036621e+00
6.282430171966552734e+00 1.355350017547607422e+00
-3.293330073356628418e-01 1.442479968070983887e+00
-4.092490077018737793e-01 1.230080008506774902e+00
6.908239841461181641e+00 -1.040379982441663742e-02
6.230360031127929688e+00 -5.506299734115600586e-01
6.905029773712158203e+00 -9.037500023841857910e-01
6.607389926910400391e+00 -1.337800025939941406e+00
6.431139945983886719e+00 -1.093490004539489746e+00
-6.061570048332214355e-01 1.070340037345886230e+00
-6.978300213813781738e-01 9.789950251579284668e-01
6.298779964447021484e+00 2.221180051565170288e-01
6.546090126037597656e+00 -8.204500079154968262e-01
6.371310234069824219e+00 -6.137409806251525879e-01
6.773019790649414062e+00 -1.032269954681396484e+00
6.792890071868896484e+00 -1.214490056037902832e+00
-8.377990126609802246e-01 1.021700024604797363e+00
6.267340183258056641e+00 9.995589852333068848e-01
6.894289970397949219e+00 3.124639987945556641e-01
6.599100112915039062e+00 1.170369982719421387e-01
6.540939807891845703e+00 -7.089889794588088989e-02
5.789939880371093750e+00 1.405230015516281128e-01
-8.547430038452148438e-01 1.155150055885314941e+00
6.907869815826416016e+00 8.989380002021789551e-01
6.823629856109619141e+00 4.626190066337585449e-01
6.484759807586669922e+00 -5.309270024299621582e-01
6.483520030975341797e+00 -3.884389996528625488e-01
5.936470031738281250e+00 5.273309946060180664e-01
-8.812329769134521484e-01 1.386700034141540527e+00
-7.380840182304382324e-01 1.237720012664794922e+00
6.667689800262451172e+00 5.151900053024291992e-01
6.472710132598876953e+00 2.561079859733581543e-01
6.825679779052734375e+00 -7.418180108070373535e-01
6.618480205535888672e+00 -5.728970170021057129e-01
6.097609996795654297e+00 7.586899995803833008e-01
6.253520011901855469e+00 8.273760080337524414e-01
6.829249858856201172e+00 -1.694609969854354858e-01
6.665380001068115234e+00 -1.987790018320083618e-01
6.365530014038085938e+00 -3.120259940624237061e-01
6.442430019378662109e+00 1.250100016593933105e+00
6.608079910278320312e+00 1.327080011367797852e+00
6.225820064544677734e+00 -3.914029896259307861e-01
6.081190109252929688e+00 -1.589300036430358887e-01
6.581299781799316406e+00 9.619349837303161621e-01
6.841650009155273438e+00 -4.586629867553710938e-01
6.702099800109863281e+00 -4.575830101966857910e-01
6.924980163574218750e+00 1.289319992065429688e+00
6.776460170745849609e+00 1.022510051727294922e+00
6.208270072937011719e+00 9.350989758968353271e-02
6.375160217285156250e+00 -1.368490010499954224e-01
2.698590047657489777e-02 -5.339949727058410645e-01
1.385820031166076660e+00 1.709349989891052246e+00
1.518319964408874512e+00 1.923460006713867188e+00
2.941649854183197021e-01 -1.327499985694885254e+00
1.981690049171447754e+00 -1.841570019721984863e+00
4.465590119361877441e-01 2.571330070495605469e-01
8.964509963989257812e-01 9.356669783592224121e-01
1.158509969711303711e+00 1.359249949455261230e+00
1.266790032386779785e+00 1.523939967155456543e+00
3.820970058441162109e-01 3.714379966259002686e-01
8.103830218315124512e-01 1.151000022888183594e+00
-3.544459939002990723e-01 3.720090091228485107e-01
-5.682740211486816406e-01 -9.569700062274932861e-02
-5.399719998240470886e-02 -5.138769745826721191e-01
1.836709976196289062e-01 -1.719349980354309082e+00
1.570729970932006836e+00 -4.307330027222633362e-02
1.376659989356994629e+00 -3.252759873867034912e-01
8.279290199279785156e-01 8.208659887313842773e-01
9.758579730987548828e-01 1.063639998435974121e+00
1.062970042228698730e+00 1.205579996109008789e+00
4.412559866905212402e-01 3.823220133781433105e-01
4.038549959659576416e-01 1.269400000572204590e+00
9.621350169181823730e-01 1.462309956550598145e+00
-5.144029855728149414e-01 5.684849992394447327e-02
-8.567299842834472656e-01 -4.183019995689392090e-01
-7.341439723968505859e-01 -3.038340061902999878e-02
2.860580086708068848e-01 -1.540770053863525391e+00
4.304609894752502441e-01 -4.229120016098022461e-01
9.937940239906311035e-01 -8.213630318641662598e-02
1.147539973258972168e+00 -1.724479943513870239e-01
5.011879801750183105e-01 3.512380123138427734e-01
5.342519879341125488e-01 3.053970038890838623e-01
4.167450070381164551e-01 3.301489949226379395e-01
5.481339991092681885e-02 6.481119990348815918e-01
-1.075709983706474304e-01 1.859210014343261719e+00
3.475140035152435303e-02 1.929730057716369629e+00
3.251309990882873535e-01 1.926669955253601074e+00
-4.351499974727630615e-01 4.642859995365142822e-01
-7.285169959068298340e-01 -5.735480189323425293e-01
4.182139933109283447e-01 -1.845319986343383789e+00
4.660530090332031250e-01 -4.910660088062286377e-01
2.448260039091110229e-01 -8.718360066413879395e-01
8.494009971618652344e-01 -9.767959713935852051e-01
1.230290055274963379e+00 -3.863589838147163391e-02
2.001029968261718750e+00 -1.687190055847167969e+00
4.747610092163085938e-01 3.031460046768188477e-01
5.030059814453125000e-01 2.558729946613311768e-01
-2.238859888166189194e-03 5.330600142478942871e-01
2.367939986288547516e-02 5.873000025749206543e-01
-5.591139942407608032e-02 5.290830135345458984e-01
-1.100189983844757080e-01 5.198259949684143066e-01
-7.308909893035888672e-01 7.469679713249206543e-01
-9.286730289459228516e-01 9.081289768218994141e-01
2.474609948694705963e-02 1.651329994201660156e+00
1.620109975337982178e-01 1.715549945831298828e+00
4.405089914798736572e-01 1.696930050849914551e+00
1.060029983520507812e+00 1.633780002593994141e+00
-5.724160075187683105e-01 1.058470010757446289e-01
-4.266369938850402832e-01 -3.195540010929107666e-01
-3.749240040779113770e-01 -3.537479937076568604e-01
-5.589950084686279297e-01 -3.577539920806884766e-01
-2.871440052986145020e-01 -4.290699958801269531e-01
5.678880214691162109e-01 -1.704489946365356445e+00
3.924320042133331299e-01 -4.838620126247406006e-01
3.000670075416564941e-01 -9.791709780693054199e-01
1.066799998283386230e+00 -7.446759939193725586e-01
2.272350072860717773e+00 1.840340018272399902e+00
2.172420024871826172e+00 -6.116339936852455139e-02
2.566230058670043945e+00 -1.844460010528564453e+00
1.433730006217956543e+00 -4.846569895744323730e-01
1.547590017318725586e+00 -3.465349972248077393e-01
7.683600187301635742e-01 7.159370183944702148e-01
9.176520258188247681e-02 7.173519730567932129e-01
-3.599229827523231506e-02 5.829169750213623047e-01
-2.655459940433502197e-01 4.412199854850769043e-01
-5.651550292968750000e-01 6.441509723663330078e-01
-2.253859937191009521e-01 5.377650260925292969e-01
3.495450019836425781e-01 1.417299985885620117e+00
7.441210150718688965e-01 1.848270058631896973e+00
-5.288419723510742188e-01 -2.405859977006912231e-01
-8.511919975280761719e-01 -1.990759968757629395e-01
-9.323840141296386719e-01 1.747939921915531158e-02
-1.433179974555969238e-01 -5.651090145111083984e-01
-7.872340083122253418e-02 -1.103449940681457520e+00
-9.290649890899658203e-01 -1.230329990386962891e+00
-2.360559999942779541e-01 -5.301420092582702637e-01
4.725649952888488770e-01 -8.806269764900207520e-01
9.244040250778198242e-01 -1.110489964485168457e+00
1.610870003700256348e+00 9.781410098075866699e-01
2.288619995117187500e+00 1.224040016531944275e-01
1.857300043106079102e+00 1.204250007867813110e-01
1.895640015602111816e+00 -1.458920001983642578e+00
5.408849716186523438e-01 3.951439857482910156e-01
7.682160288095474243e-02 5.113679766654968262e-01
-1.385230012238025665e-02 6.425259709358215332e-01
-1.671389937400817871e-01 5.015969872474670410e-01
-2.143090069293975830e-01 4.661889970302581787e-01
1.264269948005676270e-01 1.448109984397888184e+00
7.973970174789428711e-01 1.332759976387023926e+00
6.402549743652343750e-01 1.321580052375793457e+00
-4.821319878101348877e-01 3.765110075473785400e-01
-5.046730041503906250e-01 -9.659790247678756714e-02
-5.037170052528381348e-01 -3.263530135154724121e-01
-7.841929793357849121e-02 -6.275089979171752930e-01
4.889229778200387955e-03 -8.809260129928588867e-01
7.072629779577255249e-02 -1.150529980659484863e+00
-2.074079960584640503e-01 -1.209720015525817871e+00
-2.275999933481216431e-01 -1.031030058860778809e+00
-3.429099917411804199e-02 -5.703999996185302734e-01
5.935119986534118652e-01 -7.510830163955688477e-01
7.968000173568725586e-01 -2.067430019378662109e-01
1.057870030403137207e+00 -4.723080098628997803e-01
6.380890011787414551e-01 -4.949640035629272461e-01
6.955220103263854980e-01 -4.024989902973175049e-01
9.993379712104797363e-01 -9.742100238800048828e-01
1.143759965896606445e+00 1.052729964256286621e+00
1.943920016288757324e+00 4.200559854507446289e-01
1.732540011405944824e+00 -3.706200122833251953e-01
2.165889978408813477e+00 -1.464239954948425293e+00
5.961149930953979492e-01 4.519850015640258789e-01
1.348229944705963135e-01 7.955899834632873535e-01
1.151689980179071426e-02 7.114689946174621582e-01
-3.573369979858398438e-01 5.141270160675048828e-01
1.990679949522018433e-01 1.149549961090087891e+00
1.132590055465698242e+00 1.840530037879943848e+00
-6.404060125350952148e-01 2.346020042896270752e-01
-4.724150002002716064e-01 -1.996850073337554932e-01
-1.604920029640197754e-01 -6.070020198822021484e-01
1.258040070533752441e-01 -1.308300018310546875e+00
-6.560230255126953125e-01 -1.234740018844604492e+00
-3.708769977092742920e-01 -1.131719946861267090e+00
-8.492220044136047363e-01 -7.919189929962158203e-01
-3.279030025005340576e-01 -6.324539780616760254e-01
1.182089969515800476e-01 -6.828160285949707031e-01
7.123649716377258301e-01 -8.955609798431396484e-01
5.889819860458374023e-01 -8.888319730758666992e-01
4.647539854049682617e-01 -2.621650099754333496e-01
7.593340277671813965e-01 -4.429639875888824463e-01
1.501330018043518066e+00 8.068060278892517090e-01
1.808220028877258301e+00 1.362130045890808105e+00
2.399169921875000000e+00 3.170160055160522461e-01
3.757630109786987305e+00 -1.347659945487976074e+00
3.612080097198486328e+00 -1.102020025253295898e+00
3.246710062026977539e+00 -3.317730128765106201e-01
2.726000070571899414e+00 -7.088800072669982910e-01
1.800250053405761719e+00 -5.585060119628906250e-01
1.510640025138854980e+00 -6.450690031051635742e-01
1.612599968910217285e+00 -5.053110122680664062e-01
7.117850184440612793e-01 6.182280182838439941e-01
4.054079949855804443e-01 6.723420023918151855e-01
4.351529851555824280e-02 7.900310158729553223e-01
-2.408279925584793091e-01 5.821490287780761719e-01
1.692299991846084595e-01 1.274690032005310059e+00
-9.305599927902221680e-01 6.168980002403259277e-01
-4.918079972267150879e-01 1.521389931440353394e-01
-8.657699823379516602e-02 -5.250679850578308105e-01
-1.859550029039382935e-01 -7.156550288200378418e-01
-4.169129952788352966e-02 -1.269459962844848633e+00
-1.726460009813308716e-01 -1.397629976272583008e+00
-8.573610186576843262e-01 -1.371649980545043945e+00
-4.568180143833160400e-01 -4.914070069789886475e-01
7.010219991207122803e-02 -6.276569962501525879e-01
4.707530140876770020e-01 -9.436429738998413086e-01
5.066289901733398438e-01 -4.250769913196563721e-01
9.201369881629943848e-01 -2.933030128479003906e-01
1.378829956054687500e+00 -1.824980020523071289e+00
1.242869973182678223e+00 1.197810053825378418e+00
1.583610057830810547e+00 1.409240007400512695e+00
2.154959917068481445e+00 1.601690053939819336e+00
2.857860088348388672e+00 1.843850016593933105e+00
3.297329902648925781e+00 1.921149969100952148e+00
3.791569948196411133e+00 -3.654949963092803955e-01
4.052859783172607422e+00 -1.345409989356994629e+00
3.910290002822875977e+00 -1.100020051002502441e+00
3.512279987335205078e+00 -3.552379906177520752e-01
3.396100044250488281e+00 -1.205030009150505066e-01
3.750360012054443359e+00 -1.674250006675720215e+00
3.450069904327392578e+00 -1.838539958000183105e+00
3.019670009613037109e+00 -1.131189942359924316e+00
1.959349989891052246e+00 -5.198239907622337341e-02
2.046159982681274414e+00 -1.245980024337768555e+00
1.218639969825744629e+00 -3.086639940738677979e-01
1.810339987277984619e-01 7.662580013275146484e-01
6.011779904365539551e-01 6.814129948616027832e-01
4.995920062065124512e-01 6.767240166664123535e-01
8.106719702482223511e-02 8.785910010337829590e-01
-2.521339952945709229e-01 5.041229724884033203e-01
-1.324599981307983398e-01 6.233720183372497559e-01
-7.127609848976135254e-01 4.950320124626159668e-01
-1.540839970111846924e-01 -4.873760044574737549e-01
-1.312910020351409912e-01 -6.983500123023986816e-01
1.116690039634704590e-02 -1.449280023574829102e+00
-4.695090055465698242e-01 -1.340610027313232422e+00
2.497780025005340576e-01 -7.511010169982910156e-01
3.761830031871795654e-01 -1.095329999923706055e+00
5.796070098876953125e-01 -3.726660013198852539e-01
7.243160009384155273e-01 -2.959359884262084961e-01
6.482329964637756348e-01 -5.906339883804321289e-01
1.322139978408813477e+00 1.038100004196166992e+00
1.994480013847351074e+00 1.665660023689270020e+00
2.721810102462768555e+00 1.610960006713867188e+00
2.502069950103759766e+00 5.248529911041259766e-01
4.074679851531982422e+00 -3.671999871730804443e-01
3.937489986419677734e+00 -1.303689926862716675e-01
4.067110061645507812e+00 -6.904579997062683105e-01
3.767529964447021484e+00 -8.523010015487670898e-01
3.632770061492919922e+00 -6.018159985542297363e-01
2.766340017318725586e+00 1.171189993619918823e-01
3.154700040817260742e+00 -1.840479969978332520e+00
2.731189966201782227e+00 -1.455530047416687012e+00
1.920580029487609863e+00 -1.038599967956542969e+00
1.790689945220947266e+00 -1.248679995536804199e+00
7.530419826507568359e-01 9.330490231513977051e-01
1.864749938249588013e-01 8.816490173339843750e-01
1.301490068435668945e-01 9.774270057678222656e-01
-4.376130178570747375e-02 7.744290232658386230e-01
-7.420290261507034302e-02 6.295130252838134766e-01
-4.216470122337341309e-01 3.014929890632629395e-01
-2.625539898872375488e-01 -4.590860009193420410e-01
-2.052900046110153198e-01 -4.695149958133697510e-01
-9.808350354433059692e-02 -9.550160169601440430e-01
-4.199689924716949463e-01 -5.808119773864746094e-01
8.292590081691741943e-02 -5.275110006332397461e-01
3.578839898109436035e-01 -3.931599855422973633e-01
7.101470232009887695e-01 -9.720730185508728027e-01
6.506689786911010742e-01 -1.525670051574707031e+00
4.679220020771026611e-01 -3.282209932804107666e-01
6.009089946746826172e-01 3.062469959259033203e-01
1.337430000305175781e+00 -8.842849731445312500e-01
1.381260037422180176e+00 6.438549757003784180e-01
1.702800035476684570e+00 1.168499946594238281e+00
1.312350034713745117e+00 1.005079969763755798e-01
2.044049978256225586e+00 6.058160066604614258e-01
2.756160020828247070e+00 5.402110219001770020e-01
4.360089778900146484e+00 -3.645800054073333740e-01
4.216979980468750000e+00 -1.254729926586151123e-01
4.354899883270263672e+00 -8.526210188865661621e-01
4.632440090179443359e+00 -1.835469961166381836e+00
4.336979866027832031e+00 -1.835919976234436035e+00
4.194890022277832031e+00 -1.590399980545043945e+00
3.457720041275024414e+00 -8.471480011940002441e-01
3.167190074920654297e+00 -1.361919999122619629e+00
2.436870098114013672e+00 -1.614150047302246094e+00
1.784209966659545898e+00 -8.369219899177551270e-01
1.671290040016174316e+00 -1.053130030632019043e+00
5.541899800300598145e-01 5.373200178146362305e-01
4.759689867496490479e-01 8.396419882774353027e-01
5.722870230674743652e-01 8.667230010032653809e-01
2.498060017824172974e-01 9.747260212898254395e-01
-1.351979970932006836e-01 7.441750168800354004e-01
-2.081789970397949219e-01 6.742219924926757812e-01
-4.813599884510040283e-01 2.652319967746734619e-01
-9.208800196647644043e-01 -1.818699955940246582e+00
-3.478910028934478760e-01 -8.717060089111328125e-01
1.205189973115921021e-01 -9.177889823913574219e-01
3.143250048160552979e-01 -5.533580183982849121e-01
6.957089900970458984e-01 -1.134109973907470703e+00
7.920439839363098145e-01 -1.836369991302490234e+00
5.317310094833374023e-01 -3.261319994926452637e-01
7.107840180397033691e-01 -6.817650198936462402e-01
1.432989954948425293e+00 1.282580018043518066e+00
2.048320055007934570e+00 1.376559972763061523e+00
2.707489967346191406e+00 1.922039985656738281e+00
2.254410028457641602e+00 6.145669817924499512e-01
2.150409936904907227e+00 7.784990072250366211e-01
3.592760086059570312e+00 1.920060038566589355e+00
2.880789995193481445e+00 7.650129795074462891e-01
3.546570062637329102e+00 5.307710170745849609e-01
4.196090221405029297e+00 3.540300130844116211e-01
4.072760105133056641e+00 1.073860004544258118e-01
4.933229923248291016e+00 -1.339759945869445801e+00
4.789100170135498047e+00 -1.094650030136108398e+00
4.639969825744628906e+00 -1.342219948768615723e+00
4.497079849243164062e+00 -1.097139954566955566e+00
4.204609870910644531e+00 -1.098819971084594727e+00
4.063199996948242188e+00 -8.535720109939575195e-01
2.450330018997192383e+00 -7.073450088500976562e-01
2.594779968261718750e+00 -1.231179952621459961e+00
2.309930086135864258e+00 -1.388949990272521973e+00
1.656810045242309570e+00 -7.880949974060058594e-01
8.618479967117309570e-02 5.845670104026794434e-01
3.187249898910522461e-01 7.756410241127014160e-01
5.609560012817382812e-01 1.179690003395080566e+00
3.238590061664581299e-01 1.075350046157836914e+00
6.630229949951171875e-01 1.425150036811828613e+00
-6.483920216560363770e-01 -1.479030013084411621e+00
-3.721300065517425537e-01 -7.461490035057067871e-01
-7.099000215530395508e-01 -7.918869853019714355e-01
-5.599740147590637207e-01 -6.563519835472106934e-01
2.834990024566650391e-01 -5.403410196304321289e-01
1.427419930696487427e-01 -6.130880117416381836e-01
1.524560004472732544e-01 -5.463489890098571777e-01
4.531440138816833496e-01 -5.851140022277832031e-01
1.017140030860900879e+00 -1.471590042114257812e+00
4.600720107555389404e-01 -1.232470035552978516e+00
6.487209796905517578e-01 2.062100023031234741e-01
1.153699994087219238e+00 9.643640369176864624e-02
1.298900008201599121e+00 8.222240209579467773e-01
1.938660025596618652e+00 1.171409964561462402e+00
1.933200001716613770e+00 6.653550267219543457e-01
2.588190078735351562e+00 1.380660057067871094e+00
3.157819986343383789e+00 1.219300031661987305e+00
3.853770017623901367e+00 9.451839923858642578e-01
4.623400211334228516e+00 1.151600003242492676e+00
4.501550197601318359e+00 -1.187810003757476807e-01
5.223690032958984375e+00 -1.833680033683776855e+00
5.078100204467773438e+00 -1.585960030555725098e+00
4.927929878234863281e+00 -1.834820032119750977e+00
4.783539772033691406e+00 -1.588039994239807129e+00
4.489290237426757812e+00 -1.589339971542358398e+00
4.346759796142578125e+00 -1.343899965286254883e+00
3.608269929885864258e+00 -1.431229948997497559e+00
1.942950010299682617e+00 -2.794060111045837402e-01
1.285589933395385742e-01 5.008339881896972656e-01
3.343920111656188965e-01 8.291940093040466309e-01
-2.182309925556182861e-01 8.248770236968994141e-01
-2.393449889495968819e-03 1.034999966621398926e+00
-9.678370319306850433e-03 -7.744240164756774902e-01
-2.033209949731826782e-01 -7.705469727516174316e-01
2.934679985046386719e-01 -4.800589978694915771e-01
4.154910147190093994e-01 -7.751280069351196289e-01
6.104400157928466797e-01 -1.243839979171752930e+00
5.043060183525085449e-01 1.135459989309310913e-01
8.082730174064636230e-01 -5.862060189247131348e-01
1.111799955368041992e+00 -1.300150036811828613e+00
8.837820291519165039e-01 5.801190137863159180e-01
8.327490091323852539e-01 3.534369915723800659e-02
2.453010082244873047e+00 1.154450058937072754e+00
3.154190063476562500e+00 1.686269998550415039e+00
2.735179901123046875e+00 9.935989975929260254e-01
5.074079990386962891e+00 1.914590001106262207e+00
4.925509929656982422e+00 1.659530043601989746e+00
4.484129905700683594e+00 3.747699856758117676e-01
4.352340221405029297e+00 1.204380020499229431e-01
5.374509811401367188e+00 -1.415940046310424805e+00
5.227960109710693359e+00 -1.170590043067932129e+00
4.792160034179687500e+00 -4.399940073490142822e-01
4.213890075683593750e+00 -6.088780164718627930e-01
2.884239912033081055e+00 -9.442750364542007446e-02
2.735490083694458008e+00 -1.149379968643188477e+00
1.281049966812133789e+00 -4.410449862480163574e-01
2.361859977245330811e-01 8.478440046310424805e-01
2.739090025424957275e-01 7.566030025482177734e-01
5.173630118370056152e-01 9.970120191574096680e-01
5.959799885749816895e-01 9.912710189819335938e-01
-3.610399961471557617e-01 7.954459786415100098e-01
-6.616770029067993164e-01 -1.856420040130615234e+00
-2.438409952446818352e-03 -6.326400041580200195e-01
2.298440039157867432e-01 -4.756290018558502197e-01
2.896319925785064697e-01 -4.245589971542358398e-01
2.851240038871765137e-01 -6.167749762535095215e-01
5.650590062141418457e-01 -2.710250020027160645e-01
6.167320013046264648e-01 1.788309961557388306e-01
1.225980043411254883e+00 -1.471279978752136230e+00
8.917289972305297852e-01 3.175379931926727295e-01
1.010190010070800781e+00 3.263620138168334961e-01
9.372299909591674805e-01 7.619869709014892578e-02
1.388229966163635254e+00 2.458170056343078613e-01
2.183219909667968750e+00 1.027999997138977051e+00
2.874109983444213867e+00 1.223770022392272949e+00
4.331130027770996094e+00 1.665949940681457520e+00
4.178209781646728516e+00 1.418519973754882812e+00
4.467390060424804688e+00 8.938069939613342285e-01
4.309070110321044922e+00 6.255649924278259277e-01
4.772999763488769531e+00 8.926740288734436035e-01
4.623650074005126953e+00 6.346189975738525391e-01
5.520140171051025391e+00 -1.831670045852661133e+00
5.373630046844482422e+00 -1.582370042800903320e+00
4.790480136871337891e+00 -9.306420087814331055e-01
3.016410112380981445e+00 -1.604339957237243652e+00
2.456890106201171875e+00 -1.011160016059875488e+00
2.049190044403076172e+00 -9.598580002784729004e-01
5.090950131416320801e-01 4.635080099105834961e-01
6.467199921607971191e-01 7.788670063018798828e-01
-1.427029967308044434e-01 1.027109980583190918e+00
-1.043249964714050293e-01 8.439610004425048828e-01
-5.241400003433227539e-01 -1.037750005722045898e+00
2.147600054740905762e-01 -5.979350209236145020e-01
3.832849860191345215e-01 -6.446970105171203613e-01
3.479329943656921387e-01 -6.853740215301513672e-01
8.715770244598388672e-01 -1.604990005493164062e+00
6.395620107650756836e-01 -2.706620097160339355e-01
1.552510023117065430e+00 -1.253340005874633789e+00
7.678970098495483398e-01 5.836730003356933594e-01
8.218370079994201660e-01 4.795790016651153564e-01
1.123020052909851074e+00 7.126179933547973633e-01
9.431579709053039551e-01 4.192529916763305664e-01
1.826609969139099121e+00 9.798859953880310059e-01
2.573960065841674805e+00 1.688210010528564453e+00
2.281160116195678711e+00 8.128809928894042969e-01
3.573640108108520508e+00 9.714350104331970215e-01
4.923590183258056641e+00 1.147719979286193848e+00
5.082210063934326172e+00 -9.265789985656738281e-01
4.937119960784912109e+00 -6.831480264663696289e-01
4.041440010070800781e+00 -1.836400032043457031e+00
2.876909971237182617e+00 -1.373260021209716797e+00
1.321429967880249023e+00 -6.687939763069152832e-01
3.840200006961822510e-01 1.031100034713745117e+00
7.185140158981084824e-03 9.633790254592895508e-01
-6.352130174636840820e-01 -1.004549980163574219e+00
2.041260004043579102e-01 -5.652970075607299805e-01
7.068799734115600586e-01 -1.355810046195983887e+00
1.073709964752197266e+00 -1.013419985771179199e+00
9.597600102424621582e-01 8.122010231018066406e-01
1.003769993782043457e+00 7.029880285263061523e-01
1.748559951782226562e+00 1.580299973487854004e+00
2.444819927215576172e+00 1.456949949264526367e+00
5.370540142059326172e+00 1.913769960403442383e+00
5.222400188446044922e+00 1.656790018081665039e+00
4.646870136260986328e+00 -6.868079900741577148e-01
2.020979881286621094e+00 -4.530169963836669922e-01
2.150330066680908203e+00 -3.027249872684478760e-01
4.059259891510009766e-01 6.163790225982666016e-01
-6.221080198884010315e-03 1.199309945106506348e+00
4.133220016956329346e-02 -7.016599774360656738e-01
1.068890020251274109e-01 -7.580599784851074219e-01
6.902260184288024902e-01 -1.988299936056137085e-01
1.183439970016479492e+00 -1.124780058860778809e+00
7.724599838256835938e-01 3.744690120220184326e-01
1.057209968566894531e+00 6.068609952926635742e-01
1.558869957923889160e+00 2.620970010757446289e-01
1.458240032196044922e+00 3.902379870414733887e-01
3.882499933242797852e+00 1.429990053176879883e+00
3.727880001068115234e+00 1.195739984512329102e+00
4.936540126800537109e+00 -3.562960028648376465e-01
2.312249898910522461e+00 -7.874389886856079102e-01
1.435189962387084961e+00 -8.230929970741271973e-01
4.205130040645599365e-01 5.042120218276977539e-01
3.505490124225616455e-01 4.737319946289062500e-01
-4.421829879283905029e-01 -1.557880043983459473e+00
4.886519908905029297e-01 -2.103189975023269653e-01
7.951419949531555176e-01 -7.038380205631256104e-02
1.477970004081726074e+00 -1.576359987258911133e+00
8.883510231971740723e-01 7.126129865646362305e-01
1.567049980163574219e+00 5.158280134201049805e-01
3.540509939193725586e+00 2.438880056142807007e-01
4.931270122528076172e+00 1.356479972600936890e-01
4.789730072021484375e+00 -1.131519973278045654e-01
5.671800136566162109e+00 -1.407930016517639160e+00
5.522779941558837891e+00 -1.162999987602233887e+00
3.462300062179565430e+00 -1.187770009040832520e+00
2.171499967575073242e+00 -7.286739945411682129e-01
3.531459867954254150e-01 5.483469963073730469e-01
-3.961640000343322754e-01 -1.763470053672790527e+00
9.030100107192993164e-01 -7.538409829139709473e-01
6.818900108337402344e-01 3.021470010280609131e-01
7.303670048713684082e-01 2.762370109558105469e-01
1.153360009193420410e+00 1.837570071220397949e-01
4.780129909515380859e+00 3.829939961433410645e-01
4.640180110931396484e+00 1.303450018167495728e-01
5.219810009002685547e+00 6.348749995231628418e-01
5.074329853057861328e+00 3.853200078010559082e-01
5.965219974517822266e+00 -1.913050055503845215e+00
5.820310115814208984e+00 -1.657199978828430176e+00
2.865180015563964844e+00 -3.687019944190979004e-01
2.665469944477081299e-01 4.411289989948272705e-01
-3.319879993796348572e-02 -1.688130021095275879e+00
5.003489851951599121e-01 -5.670019984245300293e-01
6.359230279922485352e-01 -5.058839917182922363e-03
1.705279946327209473e+00 6.666470170021057129e-01
4.478960037231445312e+00 1.579730033874511719e+00
5.221230030059814453e+00 1.142850041389465332e+00
5.517990112304687500e+00 1.134760022163391113e+00
5.367849826812744141e+00 8.842779994010925293e-01
5.374800205230712891e+00 -9.202280044555664062e-01
5.082379817962646484e+00 -5.991380214691162109e-01
3.420459926128387451e-01 4.095740020275115967e-01
2.221249938011169434e-01 4.614689946174621582e-01
2.572540044784545898e-01 4.986070096492767334e-01
-2.762919962406158447e-01 -1.945170044898986816e+00
5.542719960212707520e-01 -1.050570011138916016e-01
6.894590258598327637e-01 -8.058600127696990967e-02
7.113080024719238281e-01 6.479860097169876099e-02
1.292979955673217773e+00 3.815720081329345703e-01
1.139320015907287598e+00 3.534240126609802246e-01
4.325439929962158203e+00 1.329669952392578125e+00
5.667319774627685547e+00 1.912449955940246582e+00
5.519770145416259766e+00 1.652690052986145020e+00
5.669119834899902344e+00 1.388129949569702148e+00
5.371560096740722656e+00 -4.301140010356903076e-01
4.011430144309997559e-01 4.305630028247833252e-01
-5.480899810791015625e-01 8.362560272216796875e-01
5.416049957275390625e-01 -1.483999937772750854e-01
6.922490000724792480e-01 1.427620053291320801e-01
1.146999955177307129e+00 4.725050032138824463e-01
5.072100162506103516e+00 8.900960087776184082e-01
4.924369812011718750e+00 6.368939876556396484e-01
5.221809864044189453e+00 1.379690021276473999e-01
5.079259872436523438e+00 -1.090179979801177979e-01
5.973239898681640625e+00 -1.394440054893493652e+00
5.819869995117187500e+00 -1.150200009346008301e+00
3.305000066757202148e+00 -9.377930164337158203e-01
-2.306320071220397949e-01 1.650490045547485352e+00
5.031110048294067383e-01 -1.536809951066970825e-01
1.656810045242309570e+00 -1.439039945602416992e+00
4.165070056915283203e+00 1.080260038375854492e+00
3.671730041503906250e+00 4.574890136718750000e-01
5.815999984741210938e+00 1.121500015258789062e+00
5.661900043487548828e+00 8.736349940299987793e-01
6.264979839324951172e+00 -1.909590005874633789e+00
6.124289989471435547e+00 -1.646450042724609375e+00
2.968770027160644531e+00 -5.692369937896728516e-01
3.112299919128417969e+00 -3.895150125026702881e-01
2.824249863624572754e-01 5.852689743041992188e-01
-3.861320018768310547e-01 1.855340003967285156e+00
5.306730270385742188e-01 -1.887339912354946136e-02
5.653759837150573730e-01 9.011779725551605225e-02
3.953649997711181641e+00 6.928160190582275391e-01
5.817520141601562500e+00 1.822839975357055664e+00
5.511620044708251953e+00 6.286680102348327637e-01
5.365389823913574219e+00 3.839209973812103271e-01
6.428259849548339844e+00 -1.814020037651062012e+00
3.150640010833740234e+00 -8.742110133171081543e-01
5.121390223503112793e-01 6.122880056500434875e-02
3.914560079574584961e+00 4.615359902381896973e-01
5.653989791870117188e+00 5.417960286140441895e-01
5.668159961700439453e+00 -9.098079800605773926e-01
5.519030094146728516e+00 -6.702749729156494141e-01
-8.238090276718139648e-01 1.917510032653808594e+00
1.282860040664672852e+00 4.830850064754486084e-01
3.441900014877319336e+00 1.210600018501281738e+00
5.659989833831787109e+00 -4.214990139007568359e-01
5.512819766998291016e+00 -1.834899932146072388e-01
5.799590110778808594e+00 6.169180274009704590e-01
6.791880130767822266e+00 -1.605790019035339355e+00
6.901229858398437500e+00 -1.897439956665039062e+00
-4.806109964847564697e-01 1.633800029754638672e+00
-2.143020033836364746e-01 1.092059969902038574e+00
5.971439838409423828e+00 1.374959945678710938e+00
5.652090072631835938e+00 6.016099825501441956e-02
5.808979988098144531e+00 -6.578180193901062012e-01
5.366799831390380859e+00 5.730149894952774048e-02
5.508930206298828125e+00 3.010070025920867920e-01
1.750649958848953247e-01 5.431110262870788574e-01
6.123660087585449219e+00 1.636289954185485840e+00
6.768219947814941406e+00 1.800529956817626953e+00
6.924980163574218750e+00 1.494449973106384277e+00
6.371419906616210938e+00 5.547270178794860840e-01
5.967020034790039062e+00 -1.057620048522949219e+00
5.955930233001708984e+00 8.558160066604614258e-01
-8.581910133361816406e-01 1.647240042686462402e+00
6.428160190582275391e+00 1.810430049896240234e+00
6.556769847869873047e+00 7.883740067481994629e-01
6.095379829406738281e+00 -6.390709877014160156e-01
5.945610046386718750e+00 -4.080809950828552246e-01
6.051499843597412109e+00 2.920610010623931885e-01
6.125510215759277344e+00 -1.298380017280578613e+00
-5.557640194892883301e-01 1.411409974098205566e+00
3.590529918670654297e+00 1.441179990768432617e+00
6.837210178375244141e+00 7.414010167121887207e-01
6.267439842224121094e+00 -1.029569983482360840e+00
5.936820030212402344e+00 -8.800639957189559937e-02
6.118760108947753906e+00 1.100890040397644043e+00
-3.086709976196289062e-01 1.309440016746520996e+00
6.441979885101318359e+00 -1.266780018806457520e+00
-6.294670104980468750e-01 1.195610046386718750e+00
6.388050079345703125e+00 -7.676650285720825195e-01
6.924900054931640625e+00 -1.291100025177001953e+00
6.802539825439453125e+00 1.482139974832534790e-01
5.789800167083740234e+00 2.977280020713806152e-01
-9.456170201301574707e-01 1.246709942817687988e+00
6.617589950561523438e+00 -3.411419987678527832e-01
5.929100036621093750e+00 3.704900145530700684e-01
-7.645750045776367188e-01 1.366700053215026855e+00
6.520199775695800781e+00 4.424200057983398438e-01
6.663060188293457031e+00 -7.084959745407104492e-01
6.084020137786865234e+00 5.951989889144897461e-01
6.921000003814697266e+00 -3.129029870033264160e-01
6.432759761810302734e+00 1.070209980010986328e+00
6.086269855499267578e+00 -3.189660012722015381e-01
6.920650005340576172e+00 -6.072980165481567383e-01
6.793570041656494141e+00 1.207759976387023926e+00
6.230370044708251953e+00 -5.618939921259880066e-02
